0.0107995452823039 0.0863963622584312
0.0102311481621826 0.0920803334596438
0.00966275104206139 0.0966275104206139
0.00912880223225051 0.100416824554756
0.00871542250852596 0.104585070102311
0.00833649109511178 0.108374384236453
0.00817409191793428 0.11443728685108
0.00785651130478717 0.117847669571808
0.00772072754831375 0.12353164077302
0.0074894679357154 0.127320954907162
0.00732600732600733 0.131868131868132
0.00709997806186554 0.134899583175445
0.00691549829480864 0.138309965896173
0.00673054367635648 0.141341417203486
0.00659685142443763 0.145130731337628
0.00647478458572911 0.14892004547177
0.00623657951244158 0.149677908298598
0.00621447517999242 0.155361879499811
0.00603375404436412 0.156877605153467
0.00590852314990246 0.159530125047366
0.00579223731933092 0.162182644941266
0.00565783800028746 0.164077302008336
0.00553239863584691 0.165971959075407
0.00537838135168502 0.166729821902236
0.00526951496779083 0.168624478969307
0.00516724654655689 0.170519136036377
0.0050709939148073 0.172413793103448
0.00499106804525524 0.174687381583933
