8 0.0146835922697992
9 0.0137257378636689
10 0.0130731337627889
11 0.0123669434014262
12 0.0118416066691929
13 0.0118051709563646
14 0.0115303415796027
15 0.0111911077428319
16 0.0109179613489958
17 0.0105877894924548
18 0.0101890446718033
19 0.00985221674876847
20 0.00960591133004926
21 0.00918457568703874
22 0.00883599159461228
23 0.00845181804702044
24 0.00821018062397373
25 0.00809397499052671
26 0.00789926254117236
27 0.00771897323621462
28 0.00755156173875386
29 0.00738262926134508
30 0.00722495894909688
31 0.00711413169700155
32 0.00703391436150057
33 0.00688966206207586
34 0.00678733031674208
35 0.00676663238239593
