8 0.0863963622584312
9 0.0920803334596438
10 0.0966275104206139
11 0.100416824554756
12 0.104585070102311
13 0.108374384236453
14 0.11443728685108
15 0.117847669571808
16 0.12353164077302
17 0.127320954907162
18 0.131868131868132
19 0.134899583175445
20 0.138309965896173
21 0.141341417203486
22 0.145130731337628
23 0.14892004547177
24 0.149677908298598
25 0.155361879499811
26 0.156877605153467
27 0.159530125047366
28 0.162182644941266
29 0.164077302008336
30 0.165971959075407
31 0.166729821902236
32 0.168624478969307
33 0.170519136036377
34 0.172413793103448
35 0.174687381583933
