8 0.0078125
9 0.00694444444444444
10 0.00723684210526316
11 0.00687799043062201
12 0.00740131578947368
13 0.00708502024291498
14 0.00657894736842105
15 0.00657894736842105
16 0.00637335526315789
17 0.0059984520123839
18 0.00621345029239766
19 0.0060595567867036
20 0.00592105263157895
21 0.00579573934837093
22 0.00583133971291866
23 0.00586384439359268
24 0.00561951754385965
25 0.00578947368421053
26 0.00594635627530364
27 0.00572612085769981
28 0.00552161654135338
29 0.00533121597096189
30 0.00526315789473684
31 0.00509337860780985
32 0.00503700657894737
33 0.00488437001594896
34 0.0048374613003096
35 0.00469924812030075
