0.00986842105263158 0.0789473684210526
0.0087719298245614 0.0789473684210526
0.00855263157894737 0.0855263157894737
0.00837320574162679 0.0921052631578947
0.00767543859649123 0.0921052631578947
0.00733805668016194 0.0953947368421053
0.00728383458646617 0.101973684210526
0.00723684210526316 0.108552631578947
0.00678453947368421 0.108552631578947
0.00638544891640867 0.108552631578947
0.00657894736842105 0.118421052631579
0.00657894736842105 0.125
0.00625 0.125
0.006265664160401 0.131578947368421
0.0062799043062201 0.138157894736842
0.00600686498855835 0.138157894736842
0.00603070175438597 0.144736842105263
0.00578947368421053 0.144736842105263
0.00569331983805668 0.148026315789474
0.00548245614035088 0.148026315789474
0.00528665413533835 0.148026315789474
0.00521778584392015 0.151315789473684
0.00526315789473684 0.157894736842105
0.00530560271646859 0.164473684210526
0.00513980263157895 0.164473684210526
0.00498405103668262 0.164473684210526
0.00493421052631579 0.167763157894737
0.00479323308270677 0.167763157894737
