8 0.0625
9 0.0625
10 0.0723684210526316
11 0.0756578947368421
12 0.0888157894736842
13 0.0921052631578947
14 0.0921052631578947
15 0.0986842105263158
16 0.101973684210526
17 0.101973684210526
18 0.111842105263158
19 0.115131578947368
20 0.118421052631579
21 0.121710526315789
22 0.128289473684211
23 0.134868421052632
24 0.134868421052632
25 0.144736842105263
26 0.154605263157895
27 0.154605263157895
28 0.154605263157895
29 0.154605263157895
30 0.157894736842105
31 0.157894736842105
32 0.161184210526316
33 0.161184210526316
34 0.164473684210526
35 0.164473684210526
