0 0.921519752596082
1 0.920748341938201
2 0.92042478684299
3 0.920177218993381
4 0.919954575271201
5 0.919745179337978
6 0.919545215422821
7 0.919352944161024
8 0.919167341913768
9 0.918987708494374
10 0.918813526106917
11 0.91864439511708
12 0.918479998363731
13 0.918320078605514
14 0.918164423233937
15 0.918012853521392
16 0.917865216892202
17 0.917721381277709
18 0.917581230935013
19 0.917444663306586
20 0.917311586628469
21 0.917181918082204
22 0.917055582346716
23 0.916932510447818
24 0.916812638832213
25 0.916695908613006
26 0.916582264948254
27 0.916471656523856
28 0.916364035119564
29 0.916259355241939
30 0.916157573811785
31 0.916058649896479
32 0.915962544479599
33 0.915869220261772
34 0.915778641487832
35 0.915690773796372
36 0.915605584088249
37 0.915523040411552
38 0.915443111860476
39 0.91536576848633
40 0.915290981219034
41 0.915218721797587
42 0.915148962708493
43 0.915081677130914
44 0.915016838887829
45 0.914954422402331
46 0.914894402658501
47 0.914836755166124
48 0.914781455928899
49 0.914728481415714










