0 1.02527725208652
1 0.997049496921825
2 0.978877896335089
3 0.966410827874946
4 0.957433798412391
5 0.950719544310252
6 0.945541456891865
7 0.941445986759131
8 0.938137493348988
9 0.9354161690147
10 0.933142770409314
11 0.931217673514028
12 0.929567954999055
13 0.928139158609111
14 0.926889894924253
15 0.925788208790854
16 0.924809080308758
17 0.923932670767801
18 0.923143069024297
19 0.922427380786743
20 0.92177505712424
21 0.921177392611809
22 0.920627145578305
23 0.920118247454782
24 0.919645577966539
25 0.919204789553152
26 0.918792168992995
27 0.918404527429394
28 0.918039112281685
29 0.917693536167744
30 0.917365719158189
31 0.917053841558848
32 0.91675630506781
33 0.916471700639064
34 0.916198781751516
35 0.915936442061228
36 0.915683696627705
37 0.91543966607135
38 0.915203563146077
39 0.914974681312203
40 0.914752384973901
41 0.914536101107067
42 0.914325312054647
43 0.914119549305016
44 0.913918388101992
45 0.913721442760563
46 0.913528362583648
47 0.913338828292429
48 0.913152548896723
49 0.912969258943604
50 0.912788716092095
51 0.912610698969594
52 0.912435005272245
53 0.912261450077264
54 0.912089864339731
55 0.911920093549955
56 0.911751996531393
57 0.911585444361504
58 0.911420319400142
59 0.91125651441276
60 0.911093931776619
61 0.910932482760243
62 0.910772086867448
63 0.910612671238286
64 0.910454170100432
65 0.910296524265071
66 0.910139680662322
67 0.909983591911641
68 0.90982821592352
69 0.909673515528829
70 0.909519458132953
71 0.909366015392088
72 0.909213162909394
73 0.909060879949106
74 0.908909149166729
75 0.90875795635391
76 0.908607290196742
77 0.908457142046238
78 0.908307505700193
79 0.908158377195515
80 0.908009754610294
81 0.907861637875218
82 0.907714028593609
83 0.907566929869926
84 0.907420346146148
85 0.907274283045962
86 0.907128747226532
87 0.906983746237381
88 0.906839288386755
89 0.906695382614812
90 0.906552038373878
91 0.906409265515584
92 0.906267074184759
93 0.90612547472003
94 0.90598447756105
95 0.905844093162363
96 0.905704331913528
97 0.905565204065803
98 0.90542671966491
99 0.905288888490016
100 0.905151719998552
101 0.905015223276989
102 0.904879406997127
103 0.904744279377918
104 0.904609848152505
105 0.904476120540288
106 0.904343103223843
107 0.904210802330441
108 0.904079223417825
109 0.903948371464181
110 0.903818250861887
111 0.903688865414884
112 0.903560218339276
113 0.903432312267154
114 0.903305149253025
115 0.903178730782951
116 0.903053057785845
117 0.902928130646929
118 0.902803949222896
119 0.902680512858717
120 0.902557820405773
121 0.902435870241103
122 0.902314660287653
123 0.902194188035249
124 0.902074450562086
125 0.901955444556753
126 0.901837166340356
127 0.90171961188891
128 0.901602776855595
129 0.901486656592979
130 0.901371246174885
131 0.901256540418063
132 0.901142533903331
133 0.901029220996341
134 0.900916595867672
135 0.900804652512418
136 0.90069338476909
137 0.900582786337888
138 0.900472850798149
139 0.900363571625184
140 0.900254942206338
141 0.900146955856179
142 0.900039605831158
143 0.899932885343304
144 0.899826787573237
145 0.899721305682493
146 0.899616432825062
147 0.89951216215815
148 0.899408486852398
149 0.8993054001013
150 0.899202895129989
151 0.899100965203427
152 0.898999603633884
153 0.898898803788005
154 0.898798559093122
155 0.89869886304313
156 0.898599709203845
157 0.898501091217849
158 0.898403002808893
159 0.898305437785813
160 0.898208390046097
161 0.898111853579033
162 0.8980158224684
163 0.897920290895001
164 0.897825253138672
165 0.897730703580106
166 0.89763663670234
167 0.897543047091945
168 0.897449929440101
169 0.897357278543245
170 0.897265089303603
171 0.897173356729593
172 0.897082075935883
173 0.896991242143352
174 0.896900850678965
175 0.896810896975349
176 0.896721376570314
177 0.896632285106331
178 0.896543618329673
179 0.896455372089719
180 0.896367542337918
181 0.896280125126843
182 0.896193116609056
183 0.896106513035963
184 0.896020310756596
185 0.895934506216263
186 0.895849095955258
187 0.89576407660743
188 0.895679444898777
189 0.895595197645943
190 0.895511331754722
191 0.895427844218495
192 0.895344732116742
193 0.895261992613338
194 0.895179622955061
195 0.895097620469893
196 0.895015982565436
197 0.894934706727234
198 0.894853790517139
199 0.894773231571649
