0 0.930878850402172
1 0.92888645595447
2 0.928207541751347
3 0.927908091776638
4 0.927735163593999
5 0.927617968773228
6 0.927530026090042
7 0.927459600984441
8 0.927400796543035
9 0.927350327765865
10 0.927306198242745
11 0.927267101777307
12 0.927232129395647
13 0.927200615830183
14 0.927172054126172
15 0.927146045488301
16 0.927122268307521
17 0.927100458122172
18 0.927080394088578
19 0.927061889490078
20 0.927044784851044
21 0.927028942795018
22 0.92701424411086
23 0.927000584682191
24 0.926987873050543
25 0.926976028455199
26 0.926964979238542
27 0.926954661536454
28 0.92694501819437
29 0.92693599786369
30 0.926927554244123
31 0.926919645444802
32 0.926912233442818
33 0.926905283622288
34 0.926898764380228
35 0.926892646787958
36 0.926886904299371
37 0.926881512498289
38 0.92687644887906
39 0.926871692655223
40 0.926867224592034
41 0.926863026859513
42 0.926859082902839
43 0.926855377327869
44 0.926851895799595
45 0.926848624951766
46 0.926845552306249
47 0.926842666200965
48 0.926839955725011
49 0.926837410660445
50 0.926835021429642
51 0.926832779047754
52 0.926830675079445
53 0.926828701599731
54 0.926826851158163
55 0.92682511674615
56 0.926823491767071
57 0.926821970008857
58 0.926820545618756
59 0.926819213080181
60 0.926817967191253
61 0.926816803045103
62 0.92681571601153
63 0.926814701720092
64 0.926813756044345
65 0.926812875087221
66 0.926812055167518
67 0.926811292807096
68 0.926810584719163
69 0.926809927797195
70 0.926809319104643
71 0.926808755865229
72 0.926808235453997
73 0.926807755388758
74 0.926807313322179
75 0.926806907034326
76 0.926806534425621
77 0.92680619351029
78 0.926805882410124
79 0.926805599348649
80 0.92680534264566
81 0.926805110711969
82 0.926804902044579
83 0.926804715222039
84 0.9268045489001
85 0.926804401807603
86 0.926804272742612
87 0.926804160568715
88 0.926804064211576
89 0.926803982655675
90 0.926803914941156
91 0.926803860160952
92 0.926803817457939
93 0.92680378602239
94 0.926803765089418
95 0.926803753936646
96 0.926803751881996
97 0.926803758281517
98 0.926803772527435
99 0.926803794046262
