8 0.0690789473684211
9 0.0723684210526316
10 0.0756578947368421
11 0.0822368421052632
12 0.0855263157894737
13 0.0986842105263158
14 0.105263157894737
15 0.121710526315789
16 0.121710526315789
17 0.131578947368421
18 0.138157894736842
19 0.138157894736842
20 0.144736842105263
21 0.151315789473684
22 0.151315789473684
23 0.157894736842105
24 0.164473684210526
25 0.164473684210526
26 0.164473684210526
27 0.167763157894737
28 0.167763157894737
29 0.167763157894737
30 0.171052631578947
31 0.171052631578947
32 0.171052631578947
33 0.174342105263158
34 0.180921052631579
35 0.180921052631579
