8 0.00657894736842105
9 0.00986842105263158
10 0.0164473684210526
11 0.0296052631578947
12 0.0394736842105263
13 0.0559210526315789
14 0.0559210526315789
15 0.0625
16 0.0822368421052632
17 0.0888157894736842
18 0.0953947368421053
19 0.101973684210526
20 0.105263157894737
21 0.108552631578947
22 0.121710526315789
23 0.121710526315789
24 0.128289473684211
25 0.134868421052632
26 0.144736842105263
27 0.154605263157895
28 0.161184210526316
29 0.161184210526316
30 0.167763157894737
31 0.180921052631579
32 0.184210526315789
33 0.1875
34 0.200657894736842
35 0.200657894736842
36 0.213815789473684
37 0.220394736842105
38 0.220394736842105
39 0.223684210526316
40 0.223684210526316
41 0.230263157894737
42 0.230263157894737
43 0.233552631578947
44 0.240131578947368
45 0.243421052631579
46 0.25
47 0.253289473684211
48 0.259868421052632
49 0.263157894736842
50 0.263157894736842
