8 0.00904605263157895
9 0.00804093567251462
10 0.00756578947368421
11 0.00717703349282297
12 0.00767543859649123
13 0.0083502024291498
14 0.00798872180451128
15 0.00767543859649123
16 0.00740131578947368
17 0.00735294117647059
18 0.00712719298245614
19 0.00692520775623269
20 0.00707236842105263
21 0.0068922305764411
22 0.00687799043062201
23 0.00672196796338673
24 0.00671600877192982
25 0.00671052631578947
26 0.00645242914979757
27 0.00621345029239766
28 0.0062265037593985
29 0.00601179673321234
30 0.00581140350877193
31 0.00573005093378608
32 0.00555098684210526
33 0.00548245614035088
34 0.00532120743034056
35 0.00526315789473684
