8 0.0723684210526316
9 0.0723684210526316
10 0.0756578947368421
11 0.0789473684210526
12 0.0921052631578947
13 0.108552631578947
14 0.111842105263158
15 0.115131578947368
16 0.118421052631579
17 0.125
18 0.128289473684211
19 0.131578947368421
20 0.141447368421053
21 0.144736842105263
22 0.151315789473684
23 0.154605263157895
24 0.161184210526316
25 0.167763157894737
26 0.167763157894737
27 0.167763157894737
28 0.174342105263158
29 0.174342105263158
30 0.174342105263158
31 0.177631578947368
32 0.177631578947368
33 0.180921052631579
34 0.180921052631579
35 0.184210526315789
