0 0.916293609581664
1 0.908976908492356
2 0.905808702430312
3 0.903978836889378
4 0.902748057727066
5 0.901846796043674
6 0.901152109377288
7 0.900598333741535
8 0.900146295228235
9 0.899770714986088
10 0.899454321102937
11 0.89918479572018
12 0.898953058804733
13 0.898752239574316
14 0.898577027561162
15 0.898423245710973
16 0.898287559684892
17 0.898167274111033
18 0.898060186247755
19 0.897964478661941
20 0.897878639088672
21 0.897801399639087
22 0.897731690044273
23 0.897668601252242
24 0.897611356774286
25 0.897559289908635
26 0.897511825476164
27 0.897468465053958
28 0.89742877495045
29 0.897392376345527
30 0.897358937155507
31 0.897328165282736
32 0.897299802983151
33 0.897273622143654
34 0.897249420303409
35 0.897227017286857
36 0.897206252343032
37 0.897186981704843
38 0.897169076499572
39 0.897152420953021
40 0.897136910841727
41 0.897122452153746
42 0.897108959927475
43 0.897096357240672
44 0.897084574329122
45 0.897073547815087
46 0.897063220031132
47 0.897053538425323
48 0.897044455037405
49 0.897035926035788
50 0.897027911308113
51 0.89702037409797
52 0.897013280681842
53 0.897006600081902
54 0.897000303809229
55 0.896994365634815
56 0.896988761384176
57 0.896983468753422
58 0.896978467143892
59 0.896973737513386
60 0.896969262242243
61 0.896965025012234
62 0.896961010697508
63 0.896957205265442
64 0.896953595687207
65 0.89695016985633
66 0.896946916514913
67 0.896943825186352
68 0.896940886114186
69 0.896938090206297
70 0.896935428983986
71 0.896932894535388
72 0.896930479472931
73 0.896928176894411
74 0.896925980347183
75 0.896923883795378
76 0.896921881589907
77 0.896919968440586
78 0.896918139390926
79 0.896916389794497
80 0.896914715293442
81 0.896913111798378
82 0.896911575470267
83 0.896910102703164
84 0.896908690108667
85 0.896907334501323
86 0.896906032885174
87 0.896904782441274
88 0.896903580516144
89 0.896902424611101
90 0.896901312372158
91 0.896900241580917
92 0.896899210145879
93 0.896898216094566
94 0.89689725756583
95 0.896896332803277
96 0.896895440148486
97 0.89689457803519
98 0.89689374498356
99 0.896892939595006
