0.0163887836301629 0.131110269041304
0.0158730158730159 0.142857142857143
0.0155361879499811 0.155361879499811
0.015260601467498 0.167866616142478
0.0149677908298598 0.179613489958318
0.0144285422800012 0.187571049640015
0.0137227304714989 0.192118226600985
0.0130857648099027 0.196286472148541
0.0126231527093596 0.201970443349754
0.0121258052292535 0.20613868889731
0.011641615089891 0.209549071618037
0.0110887297820147 0.21068586585828
0.0107805987116332 0.215611974232664
0.0103755029863404 0.217885562713149
0.0101450273864067 0.223190602500947
0.009769840354548 0.224706328154604
0.00941013009978527 0.225843122394847
0.0091549829480864 0.22887457370216
0.00897775964088961 0.23342175066313
0.00875752599890531 0.236453201970443
0.00860715639040762 0.241000378931413
0.00842795729834969 0.244410761652141
0.00823544271820134 0.24706328154604
0.00814091359141415 0.252368321333839
0.007981242895036 0.255399772641152
0.00780828367035264 0.257673361121637
0.00769007868399349 0.261462675255779
0.00754614843284794 0.264115195149678
