8 0.0163887836301629
9 0.0158730158730159
10 0.0155361879499811
11 0.015260601467498
12 0.0149677908298598
13 0.0144285422800012
14 0.0137227304714989
15 0.0130857648099027
16 0.0126231527093596
17 0.0121258052292535
18 0.011641615089891
19 0.0110887297820147
20 0.0107805987116332
21 0.0103755029863404
22 0.0101450273864067
23 0.009769840354548
24 0.00941013009978527
25 0.0091549829480864
26 0.00897775964088961
27 0.00875752599890531
28 0.00860715639040762
29 0.00842795729834969
30 0.00823544271820134
31 0.00814091359141415
32 0.007981242895036
33 0.00780828367035264
34 0.00769007868399349
35 0.00754614843284794
