8 0.131110269041304
9 0.142857142857143
10 0.155361879499811
11 0.167866616142478
12 0.179613489958318
13 0.187571049640015
14 0.192118226600985
15 0.196286472148541
16 0.201970443349754
17 0.20613868889731
18 0.209549071618037
19 0.21068586585828
20 0.215611974232664
21 0.217885562713149
22 0.223190602500947
23 0.224706328154604
24 0.225843122394847
25 0.22887457370216
26 0.23342175066313
27 0.236453201970443
28 0.241000378931413
29 0.244410761652141
30 0.24706328154604
31 0.252368321333839
32 0.255399772641152
33 0.257673361121637
34 0.261462675255779
35 0.264115195149678
