8 0.0657894736842105
9 0.0690789473684211
10 0.0723684210526316
11 0.0756578947368421
12 0.0855263157894737
13 0.0888157894736842
14 0.0986842105263158
15 0.0986842105263158
16 0.105263157894737
17 0.105263157894737
18 0.108552631578947
19 0.111842105263158
20 0.115131578947368
21 0.121710526315789
22 0.131578947368421
23 0.141447368421053
24 0.148026315789474
25 0.148026315789474
26 0.151315789473684
27 0.157894736842105
28 0.157894736842105
29 0.161184210526316
30 0.164473684210526
31 0.171052631578947
32 0.171052631578947
33 0.174342105263158
34 0.180921052631579
35 0.184210526315789
