8 0.0361842105263158
9 0.0394736842105263
10 0.0394736842105263
11 0.0427631578947368
12 0.0427631578947368
13 0.0460526315789474
14 0.0493421052631579
15 0.0526315789473684
16 0.0657894736842105
17 0.0657894736842105
18 0.0789473684210526
19 0.0789473684210526
20 0.0789473684210526
21 0.0789473684210526
22 0.0822368421052632
23 0.0822368421052632
24 0.0822368421052632
25 0.0855263157894737
26 0.0855263157894737
27 0.0855263157894737
28 0.0888157894736842
29 0.0921052631578947
30 0.0986842105263158
31 0.0986842105263158
32 0.101973684210526
33 0.105263157894737
34 0.105263157894737
35 0.105263157894737
