8 0.105263157894737
9 0.121710526315789
10 0.131578947368421
11 0.134868421052632
12 0.138157894736842
13 0.141447368421053
14 0.144736842105263
15 0.151315789473684
16 0.151315789473684
17 0.154605263157895
18 0.154605263157895
19 0.157894736842105
20 0.167763157894737
21 0.167763157894737
22 0.167763157894737
23 0.174342105263158
24 0.1875
25 0.1875
26 0.1875
27 0.197368421052632
28 0.203947368421053
29 0.207236842105263
30 0.207236842105263
31 0.217105263157895
32 0.217105263157895
33 0.223684210526316
34 0.233552631578947
35 0.233552631578947
