0 1.11855767732316
1 1.11855767732316
2 1.11855767732316
3 1.11855767732316
4 1.11855767732316
5 1.11855767732316
6 1.11855767732316
7 1.11855767732316
8 1.11855767732316
9 1.11855767732316
10 1.11855767732316
11 1.11855767732316
12 1.11855767732316
13 1.11855767732316
14 1.11855767732316
15 1.11855767732316
16 1.11855767732316
17 1.11855767732316
18 1.11855767732316
19 1.11855767732316
20 1.11855767732316
21 1.11855767732316
22 1.11855767732316
23 1.11855767732316
24 1.11855767732316
25 1.11855767732316
26 1.11855767732316
27 1.11855767732316
28 1.11855767732316
29 1.11855767732316
30 1.11855767732316
31 1.11855767732316
32 1.11855767732316
33 1.11855767732316
34 1.11855767732316
35 1.11855767732316
36 1.11855767732316
37 1.11855767732316
38 1.11855767732316
39 1.11855767732316
40 1.11855767732316
41 1.11855767732316
42 1.11855767732316
43 1.11855767732316
44 1.11855767732316
45 1.11855767732316
46 1.11855767732316
47 1.11855767732316
48 1.11855767732316
49 1.11855767732316
50 1.11855767732316
51 1.11855767732316
52 1.11855767732316
53 1.11855767732316
54 1.11855767732316
55 1.11855767732316
56 1.11855767732316
57 1.11855767732316
58 1.11855767732316
59 1.11855767732316
60 1.11855767732316
61 1.11855767732316
62 1.11855767732316
63 1.11855767732316
64 1.11855767732316
65 1.11855767732316
66 1.11855767732316
67 1.11855767732316
68 1.11855767732316
69 1.11855767732316
70 1.11855767732316
71 1.11855767732316
72 1.11855767732316
73 1.11855767732316
74 1.11855767732316
75 1.11855767732316
76 1.11855767732316
77 1.11855767732316
78 1.11855767732316
79 1.11855767732316
80 1.11855767732316
81 1.11855767732316
82 1.11855767732316
83 1.11855767732316
84 1.11855767732316
85 1.11855767732316
86 1.11855767732316
87 1.11855767732316
88 1.11855767732316
89 1.11855767732316
90 1.11855767732316
91 1.11855767732316
92 1.11855767732316
93 1.11855767732316
94 1.11855767732316
95 1.11855767732316
96 1.11855767732316
97 1.11855767732316
98 1.11855767732316
99 1.11855767732316
