0 0.919573129243267
1 0.919463451428357
2 0.919405285230596
3 0.919359441639572
4 0.919320602967944
5 0.919287582057204
6 0.919259682587064
7 0.919236226454361
8 0.91921655891886
9 0.919200087473421
10 0.919186298758393
11 0.919174758577101
12 0.919165103992805
13 0.919157032987342
14 0.919150294302391
15 0.919144678484938
16 0.919140010385343
17 0.919136143026201
18 0.919132952646343
19 0.919130334706768
20 0.919128200666242
21 0.919126475366352
22 0.919125094898172
23 0.919124004849799
24 0.919123158857156
25 0.91912251739756
26 0.919122046779322
27 0.919121718290905
28 0.919121507480985
29 0.919121393546856
30 0.919121358813083
31 0.919121388285697
32 0.919121469270265
33 0.919121591044126
34 0.919121744574503
35 0.9191219222761
36 0.919122117802352
37 0.91912232586561
38 0.919122542082346
39 0.919122762839729
40 0.919122985180823
41 0.919123206705729
42 0.919123425486642
43 0.919123639994779
44 0.919123849037655
45 0.919124051705379
46 0.919124247324508
47 0.919124435418674
48 0.919124615674943
49 0.919124787915098










