0 0.9262604715254
1 0.923748256109923
2 0.923130468302046
3 0.922741965387696
4 0.922495103510016
5 0.922327848204824
6 0.922207444114838
7 0.922116362738935
8 0.922044708373815
9 0.921986560304738
10 0.921938178305926
11 0.921897084844437
12 0.921861572423175
13 0.921830425563629
14 0.92180275608372
15 0.921777900990603
16 0.921755356585948
17 0.921734734437199
18 0.921715731084226
19 0.921698106682566
20 0.921681669640247
21 0.921666265379941
22 0.921651768002764
23 0.921638074030356
24 0.921625097658729
25 0.921612767125848
26 0.921601021908849
27 0.921589810545378
28 0.921579088928362
29 0.921568818962593
30 0.921558967499759
31 0.921549505489325
32 0.921540407297368
33 0.921531650157308
34 0.921523213724253
35 0.921515079711717
36 0.92150723159363
37 0.921499654358787
38 0.92149233430731
39 0.921485258881034
40 0.921478416521558
41 0.921471796550651
42 0.921465389069113
43 0.921459184870662
44 0.921453175368433
45 0.921447352531706
46 0.921441708831363
47 0.921436237192549
48 0.921430930953351
49 0.921425783828685
50 0.921420789878492
51 0.921415943479617
52 0.921411239300916
53 0.921406672281019
54 0.921402237608484
55 0.921397930703925
56 0.921393747204013
57 0.921389682946909
58 0.921385733959054
59 0.921381896443255
60 0.921378166767725
61 0.921374541456044
62 0.921371017177986
63 0.921367590741117
64 0.921364259082966
65 0.921361019263849
66 0.921357868460217
67 0.921354803958468
68 0.921351823149249
69 0.921348923522034
70 0.921346102660238
71 0.921343358236513
72 0.921340688008401
73 0.921338089814284
74 0.921335561569564
75 0.921333101263043
76 0.921330706953628
77 0.921328376767082
78 0.921326108893094
79 0.921323901582461
80 0.921321753144424
81 0.921319661944134
82 0.921317626400362
83 0.921315644983183
84 0.921313716211885
85 0.92131183865294
86 0.921310010918161
87 0.921308231662803
88 0.921306499583941
89 0.921304813418729
90 0.921303171943002
91 0.92130157396965
92 0.921300018347305
93 0.921298503958984
94 0.92129702972084
95 0.921295594580882
96 0.921294197517892
97 0.921292837540311
98 0.921291513685127
99 0.92129022501693
