0 0.930752230410468
1 0.926158804548254
2 0.9234149480342
3 0.921468051807309
4 0.920029224607559
5 0.918925650488175
6 0.91805184481844
7 0.917340887835744
8 0.916748878551555
9 0.916246170777486
10 0.915812214941671
11 0.915432416077333
12 0.915096166911479
13 0.914795588071993
14 0.914524704640216
15 0.914278897654325
16 0.914054532092911
17 0.913848700084297
18 0.913659040583309
19 0.91348361060397
20 0.913320791756517
21 0.913169221332062
22 0.913027740714298
23 0.912895356202624
24 0.912771208854135
25 0.912654550970783
26 0.912544727548454
27 0.91244116147865
28 0.91234334162262
29 0.912250813109525
30 0.912163169374821
31 0.912080045574356
32 0.912001113095766
33 0.911926074953102
34 0.911854661897704
35 0.911786629114734
36 0.911721753401462
37 0.911659830744789
38 0.911600674231436
39 0.911544112236806
40 0.911489986848939
41 0.911438152491223
42 0.911388474714468
43 0.911340829133577
44 0.911295100488281
45 0.911251181810965
46 0.911208973686882
47 0.911168383594852
48 0.911129325317742
49 0.911091718414264
50 0.911055487744327
51 0.911020563041622
52 0.910986878527716
53 0.910954372563084
54 0.910922987330668
55 0.910892668548575
56 0.910863365208524
57 0.910835029337586
58 0.91080761578044
59 0.910781082000385
60 0.910755387896936
61 0.910730495638593
62 0.910706369509135
63 0.910682975766236
64 0.910660282511243
65 0.910638259569071
66 0.910616878377288
67 0.910596111883602
68 0.910575934450941
69 0.910556321769542
70 0.9105372507755
71 0.910518699574959
72 0.910500647373891
73 0.910483074412646
74 0.910465961905054
75 0.910449291981777
76 0.910433047637311
77 0.910417212680771
78 0.910401771689669
79 0.910386709966967
80 0.910372013500693
81 0.910357668926311
82 0.910343663491404
83 0.910329985022577
84 0.910316621894452
85 0.910303563000541
86 0.910290797725927
87 0.910278315921621
88 0.910266107880358
89 0.910254164313976
90 0.910242476332015
91 0.91023103542164
92 0.910219833428692
93 0.910208862539809
94 0.910198115265665
95 0.910187584425017
96 0.910177263129777
97 0.910167144770844
98 0.910157223004726
99 0.910147491740928
