0 1.20168054144434
1 1.16398963982282
2 1.13775252057309
3 1.11859757880836
4 1.10410833979668
5 1.09284425954082
6 1.08389528294941
7 1.07665919411336
8 1.07072196402722
9 1.06578966754875
10 1.06164790516362
11 1.05813665695221
12 1.05513416065827
13 1.0525462535864
14 1.05029912528273
15 1.04833425975629
16 1.04660482091022
17 1.04507301368027
18 1.04370812102341
19 1.04248501987701
20 1.04138304376789
21 1.04038510106395
22 1.03947698486282
23 1.03864682855224
24 1.03788467339929
25 1.03718212313199
26 1.03653206661402
27 1.03592845417465
28 1.03536611645649
29 1.03484061711893
30 1.03434813261623
31 1.03388535371224
32 1.03344940450966
33 1.03303777564117
34 1.03264826894957
35 1.03227895151985
36 1.0319281173479
37 1.03159425526583
38 1.03127602200919
39 1.03097221952426
40 1.03068177578218
41 1.03040372850344
42 1.03013721130481
43 1.02988144186909
44 1.02963571180968
45 1.02939937795866
46 1.0291718548553
47 1.02895260824899
48 1.02874114946249
49 1.02853703048698
50 1.02833983970125
51 1.02814919812487
52 1.02796475612944
53 1.02778619054408
54 1.02761320210103
55 1.02744551317556
56 1.02728286578108
57 1.0271250197865
58 1.02697175132725
59 1.02682285138573
60 1.02667812452024
61 1.02653738772459
62 1.02640046940256
63 1.02626720844409
64 1.02613745339125
65 1.02601106168418
66 1.02588789897772
67 1.02576783852145
68 1.02565076059611
69 1.02553655200041
70 1.02542510558323
71 1.02531631981644
72 1.02521009840428
73 1.02510634992558
74 1.02500498750596
75 1.02490592851673
76 1.02480909429826
77 1.02471440990534
78 1.02462180387275
79 1.02453120799887
80 1.02444255714607
81 1.0243557890562
82 1.02427084417977
83 1.02418766551797
84 1.02410619847609
85 1.02402639072754
86 1.02394819208761
87 1.0238715543961
88 1.02379643140809
89 1.02372277869227
90 1.0236505535361
91 1.02357971485745
92 1.02351022312201
93 1.02344204026605
94 1.02337512962435
95 1.02330945586247
96 1.02324498491362
97 1.02318168391911
98 1.02311952117269
99 1.02305846606812
