0 1.01695890830407
1 0.984389395869815
2 0.96457482295434
3 0.951612172629093
4 0.942660844700443
5 0.936215421916715
6 0.931417048200993
7 0.927746341059112
8 0.924874026702229
9 0.922583048941979
10 0.920725556833824
11 0.919197986918471
12 0.917926028562025
13 0.916855229708165
14 0.915944946038225
15 0.915164338526583
16 0.914489662956114
17 0.913902395528818
18 0.913387912117112
19 0.912934541751572
20 0.912532877825135
21 0.912175269793797
22 0.911855443252693
23 0.911568212613443
24 0.911309261449507
25 0.911074972884492
26 0.910862297401391
27 0.910668648923275
28 0.910491822458695
29 0.910329928343592
30 0.910181339363417
31 0.910044647949974
32 0.909918631316866
33 0.90980222289384
34 0.909694488791876
35 0.909594608310904
36 0.909501857715466
37 0.909415596666427
38 0.909335256823041
39 0.909260332227289
40 0.90919037115872
41 0.909124969208214
42 0.909063763366319
43 0.909006426959736
44 0.908952665299472
45 0.908902211928571
46 0.908854825376698
47 0.90881028634455
48 0.908768395254472
49 0.908728970113341
50 0.908691844643325
51 0.908656866642388
52 0.908623896543086
53 0.908592806142295
54 0.908563477479268
55 0.908535801842444
56 0.908509678888149
57 0.908485015857235
58 0.908461726877085
59 0.908439732338682
60 0.908418958339454
61 0.908399336184114
62 0.908380801936582
63 0.908363296017167
64 0.908346762839726
65 0.908331150484263
66 0.908316410401205
67 0.908302497143691
68 0.908289368124873
69 0.908276983397728
70 0.908265305454762
71 0.908254299045756
72 0.908243931011574
73 0.908234170132492
74 0.908224986989493
75 0.908216353837422
76 0.908208244488663
77 0.908200634206487
78 0.908193499606966
79 0.90818681856893
80 0.908180570150909
81 0.908174734514686
82 0.90816929285465
83 0.908164227332679
84 0.908159521017755
85 0.908155157830196
86 0.908151122489916
87 0.908147400468495
88 0.908143977944582
89 0.908140841762562
90 0.908137979394041
91 0.908135378902002
92 0.908133028907413
93 0.908130918558112
94 0.908129037499697
95 0.908127375848407
96 0.908125924165697
97 0.908124673434521
98 0.908123615037063
99 0.908122740733907
