0 0.932295065540567
1 0.932295065540567
2 0.932295065540567
3 0.932295065540567
4 0.932295065540567
5 0.932295065540567
6 0.932295065540567
7 0.932295065540567
8 0.932295065540567
9 0.932295065540567
10 0.932295065540567
11 0.932295065540567
12 0.932295065540567
13 0.932295065540567
14 0.932295065540567
15 0.932295065540567
16 0.932295065540567
17 0.932295065540567
18 0.932295065540567
19 0.932295065540567
20 0.932295065540567
21 0.932295065540567
22 0.932295065540567
23 0.932295065540567
24 0.932295065540567
25 0.932295065540567
26 0.932295065540567
27 0.932295065540567
28 0.932295065540567
29 0.932295065540567
30 0.932295065540567
31 0.932295065540567
32 0.932295065540567
33 0.932295065540567
34 0.932295065540567
35 0.932295065540567
36 0.932295065540567
37 0.932295065540567
38 0.932295065540567
39 0.932295065540567
40 0.932295065540567
41 0.932295065540567
42 0.932295065540567
43 0.932295065540567
44 0.932295065540567
45 0.932295065540567
46 0.932295065540567
47 0.932295065540567
48 0.932295065540567
49 0.932295065540567


















































