8 0.00986842105263158
9 0.0087719298245614
10 0.00855263157894737
11 0.00837320574162679
12 0.00767543859649123
13 0.00733805668016194
14 0.00728383458646617
15 0.00723684210526316
16 0.00678453947368421
17 0.00638544891640867
18 0.00657894736842105
19 0.00657894736842105
20 0.00625
21 0.006265664160401
22 0.0062799043062201
23 0.00600686498855835
24 0.00603070175438597
25 0.00578947368421053
26 0.00569331983805668
27 0.00548245614035088
28 0.00528665413533835
29 0.00521778584392015
30 0.00526315789473684
31 0.00530560271646859
32 0.00513980263157895
33 0.00498405103668262
34 0.00493421052631579
35 0.00479323308270677
