0.00945723684210526 0.0756578947368421
0.0087719298245614 0.0789473684210526
0.00822368421052632 0.0822368421052632
0.00837320574162679 0.0921052631578947
0.00904605263157895 0.108552631578947
0.00936234817813765 0.121710526315789
0.00892857142857143 0.125
0.00833333333333333 0.125
0.0078125 0.125
0.00773993808049536 0.131578947368421
0.00730994152046784 0.131578947368421
0.00727146814404432 0.138157894736842
0.00756578947368421 0.151315789473684
0.00736215538847118 0.154605263157895
0.00702751196172249 0.154605263157895
0.00672196796338673 0.154605263157895
0.00657894736842105 0.157894736842105
0.00644736842105263 0.161184210526316
0.00619939271255061 0.161184210526316
0.00596978557504873 0.161184210526316
0.00575657894736842 0.161184210526316
0.00567150635208711 0.164473684210526
0.00548245614035088 0.164473684210526
0.00551782682512733 0.171052631578947
0.00534539473684211 0.171052631578947
0.00518341307814992 0.171052631578947
0.00512770897832817 0.174342105263158
0.00516917293233083 0.180921052631579
