8 0.0789473684210526
9 0.0789473684210526
10 0.0855263157894737
11 0.0921052631578947
12 0.0921052631578947
13 0.0953947368421053
14 0.101973684210526
15 0.108552631578947
16 0.108552631578947
17 0.108552631578947
18 0.118421052631579
19 0.125
20 0.125
21 0.131578947368421
22 0.138157894736842
23 0.138157894736842
24 0.144736842105263
25 0.144736842105263
26 0.148026315789474
27 0.148026315789474
28 0.148026315789474
29 0.151315789473684
30 0.157894736842105
31 0.164473684210526
32 0.164473684210526
33 0.164473684210526
34 0.167763157894737
35 0.167763157894737
