20 0.233552631578947
21 0.0789473684210526
22 0.131578947368421
23 0.167763157894737
24 0.184210526315789
25 0.0921052631578947
26 0.0427631578947368
27 0.0296052631578947
28 0.0263157894736842
29 0.0263157894736842
30 0.0328947368421053
31 0.0296052631578947
32 0.0328947368421053
33 0.0394736842105263
34 0.0394736842105263
35 0.0460526315789474
36 0.0328947368421053
37 0.0328947368421053
38 0.0328947368421053
39 0.0361842105263158
40 0.0394736842105263
41 0.0361842105263158
42 0.0394736842105263
43 0.0361842105263158
44 0.0328947368421053
45 0.0394736842105263
46 0.0526315789473684
47 0.0427631578947368
48 0.0394736842105263
49 0.0394736842105263
50 0.0361842105263158



















