0 1.22117616984382
1 1.21719807704055
2 1.21328936394515
3 1.20945070321924
4 1.20568276396413
5 1.20198621125968
6 1.19836170571735
7 1.19480990301001
8 1.19133145339808
9 1.18792700125022
10 1.18459718455563
11 1.18134263443016
12 1.17816397461976
13 1.17506182099523
14 1.17203678104677
15 1.16908945336938
16 1.16622042715652
17 1.16343028168212
18 1.16071958578686
19 1.15808889736171
20 1.15553876283798
21 1.15306971667456
22 1.1506822808474
23 1.14837696435122
24 1.14615426269563
25 1.14401465741389
26 1.14195861558008
27 1.13998658932841
28 1.13809901538735
29 1.13629631462352
30 1.13457889159083
31 1.13294713410334
32 1.13140141281026
33 1.12994208079374
34 1.12856947317616
35 1.1272839067488
36 1.12608567961464
37 1.12497507085054
38 1.12395234018823
39 1.12301772771772
40 1.1221714536074
41 1.12141371784834
42 1.12074470002101
43 1.12016455908244
44 1.11967343318275
45 1.11927143949586
46 1.11895867408279
47 1.11873521178012
48 1.11860110610424
49 1.1185563891927










