0 0.912670547847513
1 0.91087946401841
2 0.910748824695661
3 0.910727573983467
4 0.910718422529955
5 0.910712256118899
6 0.910707247446641
7 0.910702943146039
8 0.910699181799233
9 0.910695869703125
10 0.910692936428472
11 0.910690325155985
12 0.910687989372667
13 0.910685890827119
14 0.91068399791165
15 0.910682284346695
16 0.910680728128259
17 0.910679310696727
18 0.910678016284686
19 0.910676831405009
20 0.910675744447104
21 0.910674745356598
22 0.910673825379362
23 0.910672976855033
24 0.910672193049448
25 0.910671468017594
26 0.910670796490301
27 0.910670173780554
28 0.91066959570484
29 0.910669058517527
30 0.910668558854932
31 0.910668093687995
32 0.91066766028212
33 0.91066725616237
34 0.910666879083707
35 0.91066652700529
36 0.91066619806807
37 0.910665890575365
38 0.910665602975794
39 0.91066533384861
40 0.910665081890277
41 0.910664845903251
42 0.910664624785597
43 0.910664417522081
44 0.910664223175943
45 0.910664040882009
46 0.910663869840148
47 0.910663709309549
48 0.910663558603756
49 0.910663417085905
50 0.910663284164632
51 0.910663159290398
52 0.910663041952062
53 0.910662931673727
54 0.910662828012215
55 0.910662730554399
56 0.910662638914788
57 0.910662552733639
58 0.910662471675026
59 0.910662395424903
60 0.910662323689807
61 0.910662256195084
62 0.910662192683838
63 0.910662132915446
64 0.910662076664534
65 0.910662023719994
66 0.910661973883864
67 0.910661926970581
68 0.910661882806016
69 0.910661841226816
70 0.910661802079702
71 0.910661765220747
72 0.910661730514784
73 0.91066169783488
74 0.910661667061703
75 0.91066163808325
76 0.910661610794129
77 0.910661585095341
78 0.910661560893776
79 0.910661538101847
80 0.91066151663728
81 0.910661496422513
82 0.910661477384745
83 0.91066145945538
84 0.910661442569883
85 0.910661426667511
86 0.910661411691135
87 0.910661397586923
88 0.910661384304239
89 0.910661371795383
90 0.91066136001542
91 0.910661348922106
92 0.910661338475626
93 0.910661328638447
94 0.910661319375296
95 0.910661310652851
96 0.910661302439808
97 0.910661294706626
98 0.910661287425543
99 0.910661280570352
