702 394 3
828 298 5
171 492 3
411 498 5
336 338 5
440 428 3
905 488 5
320 18 3
370 587 4
145 58 3
410 512 5
177 381 2
66 526 3
43 154 4
568 111 5
53 298 5
98 288 2
688 299 5
246 131 5
501 33 3
894 190 5
661 318 4
258 381 4
20 30 4
9 251 4
608 670 4
882 348 4
577 439 4
585 175 5
872 1203 4
894 574 2
118 446 4
927 72 5
8 217 3
602 532 3
517 183 3
367 531 1
693 257 2
326 612 5
185 155 5
81 731 4
779 849 2
604 217 5
863 1071 2
163 348 4
341 483 5
66 1408 2
671 231 4
137 7 4
324 158 4
770 240 3
527 49 4
869 260 3
570 86 3
429 137 4
531 670 3
138 303 3
227 1108 5
547 366 5
770 802 1
820 13 3
493 6 2
870 1024 3
532 184 5
183 245 5
219 472 4
27 210 2
362 1224 4
356 99 2
645 949 5
557 39 4
933 109 5
534 326 5
291 667 3
943 874 5
406 14 1
63 351 1
277 73 3
61 284 4
647 360 2
868 12 2
675 27 5
182 212 4
180 155 4
743 707 2
31 257 3
523 158 4
645 227 3
386 406 4
539 550 3
931 337 3
403 309 3
913 33 2
744 100 4
803 316 5
435 312 2
882 182 3
193 539 4
265 529 4
868 857 5
42 1143 3
543 533 2
744 294 2
912 450 5
376 27 4
355 653 4
139 201 5
111 332 3
61 322 4
675 831 3
466 408 4
123 59 2
100 365 3
298 498 3
860 1342 2
255 1355 3
882 248 5
478 208 4
770 359 2
451 492 4
8 190 5
703 312 4
354 204 4
583 180 3
560 1146 3
376 82 3
860 595 3
263 861 1
141 230 5
38 298 5
43 31 4
580 533 3
659 1077 3
42 262 3
941 40 1
763 41 4
19 432 4
318 1064 4
376 754 5
388 548 4
535 542 4
655 245 3
365 55 2
447 210 5
25 558 3
101 227 3
746 265 3
547 711 5
671 695 4
540 115 3
81 116 4
104 33 4
414 1012 2
456 61 3
783 668 3
791 854 2
19 220 4
499 74 4
483 733 1
454 419 5
688 96 4
246 503 1
115 221 5
550 74 4
785 587 2
145 74 3
480 591 4
566 11 3
770 769 1
442 809 5
395 315 2
370 671 3
13 902 3
349 602 3
120 620 3
409 270 4
645 765 3
402 404 5
500 152 4
468 360 5
612 290 4
897 483 4
220 174 3
651 671 2
96 782 2
397 541 5
734 158 5
766 93 3
31 586 3
21 393 4
765 394 1
804 509 3
876 227 4
532 503 5
302 515 1
803 141 3
414 882 3
39 1041 5
827 400 3
68 336 3
182 324 2
354 1100 1
555 623 2
9 119 3
239 1137 3
36 247 1
619 270 5
175 696 4
410 1211 3
410 1107 4
448 242 3
555 318 5
203 310 5
655 25 3
609 33 4
838 623 5
686 1468 1
22 161 4
99 87 5
183 84 4
12 343 4
753 121 3
177 451 3
443 321 4
31 57 4
523 362 4
786 96 3
623 754 3
36 1535 1
662 13 3
685 171 5
349 1064 5
410 202 4
783 624 4
861 405 2
122 48 4
485 104 1
18 469 2
118 459 3
59 71 3
549 10 3
531 837 1
803 229 3
423 215 3
97 547 5
303 628 3
133 1122 4
908 157 3
193 59 4
468 242 5
937 2 4
665 472 5
562 873 3
545 124 4
36 356 2
183 636 4
18 358 3
651 493 4
117 556 4
517 402 4
25 424 4
675 514 2
881 358 4
848 503 5
573 548 4
576 358 4
536 414 5
420 175 5
349 321 3
484 58 2
865 58 2
206 222 5
540 710 2
609 419 4
702 197 2
792 8 3
326 338 4
163 58 4
931 503 3
638 853 3
604 161 4
77 167 5
406 724 3
609 284 4
416 242 5
65 173 3
94 735 5
579 437 4
876 833 3
537 297 4
778 113 4
20 277 4
468 330 4
154 658 4
310 217 5
286 83 2
42 10 4
667 99 4
891 346 4
496 95 2
55 793 3
432 406 3
296 170 5
181 155 5
609 390 3
621 653 4
468 368 3
617 121 3
736 957 2
770 190 4
464 984 4
886 1318 3
631 158 4
120 127 3
19 560 4
633 32 5
182 32 4
688 337 3
306 96 4
139 878 4
606 326 4
465 130 3
466 159 3
71 407 3
314 210 4
170 120 4
101 147 1
929 34 3
265 432 4
157 360 5
413 158 4
540 270 3
415 357 4
392 648 4
84 290 4
312 501 3
423 861 3
883 211 2
878 491 2
760 303 4
36 1012 1
101 736 4
53 477 4
120 167 4
81 1156 4
282 186 4
54 358 2
19 576 4
405 192 4
177 116 5
543 969 2
588 174 2
842 174 4
422 175 5
924 610 2
472 752 5
101 292 1
618 362 3
444 752 2
455 110 3
805 279 4
405 113 5
634 1033 3
3 167 4
642 428 4
36 900 2
66 144 3
917 99 2
201 465 4
648 405 3
224 29 4
715 404 4
807 720 5
184 248 3
520 262 3
395 32 4
61 167 4
898 404 3
676 358 5
657 1293 3
610 174 3
541 391 3
663 53 5
112 440 1
257 275 2
547 80 3
145 665 3
152 339 5
182 77 5
651 1239 3
908 292 3
71 156 2
334 818 4
389 237 4
701 520 1
580 707 4
876 234 1
265 44 4
379 290 2
4 330 5
768 929 3
389 455 4
811 191 2
492 74 4
191 78 4
113 358 3
296 429 5
877 104 1
238 26 3
630 5 4
619 862 4
395 367 2
255 1152 5
588 511 1
451 145 3
634 1111 2
81 429 5
58 308 3
935 126 4
154 593 4
249 15 2
59 602 4
140 255 4
596 253 2
71 77 3
429 194 4
59 217 5
899 1064 3
405 240 4
264 352 3
505 171 4
363 230 4
38 592 3
311 62 2
830 290 4
20 552 3
801 491 3
585 185 4
38 32 5
185 282 2
889 221 5
12 1139 4
64 598 4
340 782 3
709 489 4
704 83 4
42 464 4
490 83 5
42 729 4
157 588 4
677 795 5
566 730 5
843 303 5
163 514 3
68 836 2
490 216 4
623 1181 2
801 25 4
133 253 4
127 311 3
785 1109 3
187 158 3
468 486 4
505 261 3
92 324 4
266 503 5
548 961 3
7 7 2
10 72 5
374 404 4
894 202 2
625 61 5
454 483 5
535 592 2
119 352 4
329 874 4
926 25 4
688 553 3
378 181 5
92 829 3
119 4 4
740 312 4
392 478 2
59 233 5
116 484 2
909 232 2
14 251 4
416 874 5
780 221 5
753 199 3
881 348 4
173 52 2
483 187 2
485 210 3
566 106 4
42 263 4
908 9 3
746 731 5
104 98 3
239 1003 1
117 183 4
863 742 2
543 202 3
472 810 4
60 600 4
111 6 5
547 243 4
709 404 5
11 9 3
454 524 2
162 657 2
10 318 3
416 405 3
72 1005 3
255 624 5
36 1040 1
798 340 4
76 693 2
286 477 4
59 10 1
9 148 2
342 388 5
438 268 4
535 187 4
68 284 3
335 214 4
349 204 4
619 9 1
783 209 3
388 176 3
296 334 4
577 13 3
377 671 4
106 809 5
249 889 4
212 573 5
227 360 4
803 1211 3
507 951 5
886 362 4
348 25 4
222 201 4
91 1050 3
163 704 3
541 361 4
806 99 2
53 553 3
115 241 4
405 285 3
883 1115 3
96 259 5
366 285 3
349 47 3
71 454 4
645 143 2
23 6 5
96 35 4
166 95 3
625 158 5
537 18 4
410 1105 2
61 77 4
69 259 3
602 465 2
885 310 4
830 282 4
73 93 3
879 25 4
349 199 3
876 152 4
432 61 4
686 243 2
203 23 3
689 601 2
343 322 3
435 695 5
525 102 4
524 609 4
860 1244 3
111 1017 3
857 79 5
242 361 4
538 53 3
898 348 4
203 87 3
459 1 4
86 1078 1
38 835 3
253 535 5
465 542 5
451 137 3
56 100 5
916 151 2
709 245 5
314 50 5
74 113 5
533 376 4
618 183 5
749 530 4
117 961 5
115 68 5
455 97 4
141 356 5
782 341 4
54 210 1
468 539 5
781 752 3
846 49 1
736 210 3
876 946 2
18 461 3
16 561 2
882 159 3
520 250 4
881 94 3
42 37 4
573 433 5
721 103 4
435 17 2
913 882 4
98 265 5
500 647 4
645 562 3
154 867 3
532 785 2
697 601 4
244 29 4
636 86 5
746 57 5
582 53 4
585 27 4
116 190 5
482 949 4
39 390 5
370 245 4
77 971 4
753 1183 3
541 857 5
547 1153 2
705 731 5
607 185 4
843 658 3
265 88 4
24 162 4
886 436 3
634 12 5
529 277 5
31 365 4
517 190 5
16 451 2
410 677 4
215 33 5
64 649 4
468 402 4
61 619 5
263 1121 4
443 650 4
712 178 2
618 1556 2
338 140 3
890 721 3
183 262 2
137 58 5
634 364 2
433 653 3
484 823 5
593 140 1
484 199 4
919 526 4
783 961 2
392 489 4
285 1160 1
117 873 4
879 562 4
492 620 4
291 281 2
403 835 5
580 147 3
376 100 4
863 444 3
103 1358 3
54 943 5
342 256 3
585 379 3
131 578 3
676 58 3
721 896 2
403 241 5
91 293 4
629 180 4
449 9 2
894 60 1
119 297 3
551 961 4
827 402 3
908 550 3
769 318 4
490 103 4
130 784 2
720 945 1
9 330 3
459 808 5
878 96 3
98 298 5
66 669 1
182 658 3
497 896 2
359 322 5
154 472 3
532 1246 4
372 62 3
125 898 2
25 691 5
18 109 3
98 131 5
403 440 1
87 900 2
744 289 5
663 59 5
464 37 5
122 113 3
24 940 5
103 308 3
64 1048 4
618 94 5
865 515 5
340 298 5
644 424 4
122 2 4
766 355 1
23 545 4
59 101 4
842 695 2
65 140 4
613 815 3
313 263 4
662 700 5
227 477 4
495 146 3
61 136 3
394 186 5
453 1000 4
395 271 3
433 78 5
836 727 2
120 376 3
760 439 4
743 254 4
282 535 5
375 240 5
197 88 3
688 512 3
23 1328 3
472 310 3
781 756 3
9 45 3
758 409 4
744 277 4
588 58 4
99 269 4
354 64 5
477 630 5
69 429 4
193 1099 2
92 300 4
326 32 4
731 265 3
380 531 1
429 209 4
550 526 2
119 871 2
380 754 4
82 503 4
760 173 4
534 648 3
99 343 4
832 504 4
164 1193 4
342 391 4
872 971 4
753 461 5
336 970 3
380 208 1
456 390 4
405 562 3
585 63 5
395 169 3
36 199 1
54 139 4
182 15 3
40 235 3
367 475 5
721 578 2
918 475 4
139 210 5
557 137 2
495 141 3
600 100 5
407 95 4
475 781 4
184 368 3
587 644 4
535 726 5
517 83 4
375 514 4
61 320 4
29 99 3
448 131 5
926 493 5
634 832 1
388 675 3
524 334 5
884 53 5
916 391 5
103 101 5
409 50 4
249 136 3
2 434 4
157 162 4
27 61 2
820 92 5
798 774 3
614 815 5
410 644 5
264 210 4
675 1325 4
96 190 2
455 633 4
101 495 3
482 351 4
868 356 5
511 358 5
197 404 5
879 1110 2
827 1071 1
328 269 4
342 93 4
273 1108 3
365 473 4
658 433 3
168 262 4
255 688 4
410 782 2
406 362 5
826 588 5
413 330 3
137 1499 3
367 414 1
480 279 4
535 58 2
83 530 5
686 496 2
85 531 3
581 780 4
96 230 4
111 107 3
25 581 3
403 1192 1
16 223 4
526 816 5
319 23 5
422 527 2
226 443 4
531 401 2
220 11 4
185 94 5
408 1117 3
875 105 3
472 298 5
456 542 4
19 113 4
392 35 4
255 888 5
277 840 3
309 1101 1
242 244 4
481 361 3
132 114 5
59 500 3
158 901 2
54 711 4
315 126 5
99 18 5
824 1095 2
91 835 3
38 281 4
848 24 2
769 273 3
757 669 1
585 519 5
605 768 4
648 579 3
649 158 4
822 865 4
649 956 3
301 44 4
111 1224 1
785 83 4
585 1260 4
120 78 5
76 254 4
781 609 4
464 446 5
656 327 4
913 512 3
71 741 4
301 404 3
584 379 5
403 634 5
71 749 3
767 190 5
891 519 5
249 115 4
71 685 2
432 62 5
249 491 3
479 523 5
370 160 3
388 717 3
884 263 2
25 708 3
456 1404 4
344 865 5
543 1454 5
490 656 3
27 524 2
435 27 4
415 293 2
588 53 4
53 57 1
557 1221 1
606 90 4
336 501 3
884 95 4
326 1068 4
510 306 3
101 187 4
866 357 4
33 636 4
627 119 5
464 122 5
908 11 3
932 131 4
296 1070 4
217 244 4
343 61 2
64 497 3
370 32 5
11 755 5
282 208 3
405 518 2
334 13 4
480 202 4
365 444 4
618 263 3
588 655 5
581 263 5
407 481 3
312 18 2
875 1117 4
16 459 4
868 208 3
486 270 4
196 6 5
785 433 3
651 112 3
38 318 4
68 219 3
714 44 2
61 915 4
417 799 3
59 497 5
342 349 3
70 423 5
207 321 4
700 498 2
405 510 5
468 186 4
535 50 4
3 248 5
789 360 5
240 99 4
898 562 5
273 10 4
661 35 3
512 87 4
826 32 5
675 1252 1
64 1402 3
502 784 3
620 45 3
705 44 3
129 217 5
629 27 5
418 298 5
842 643 4
291 53 4
48 142 3
25 1145 2
146 96 1
650 230 2
387 290 4
99 720 5
86 614 2
558 477 4
115 294 3
443 155 4
555 96 1
661 74 4
549 921 3
341 102 5
71 32 4
456 666 4
743 634 4
334 83 3
86 179 3
549 562 4
929 102 4
39 290 4
684 142 3
710 1344 4
334 276 5
906 114 2
553 595 4
193 178 3
31 880 1
535 37 4
42 1032 1
896 25 5
319 721 5
206 1068 4
234 485 3
908 201 4
757 447 4
557 736 4
92 802 4
628 61 2
578 140 4
585 484 5
183 457 3
753 1197 4
675 190 5
883 509 3
310 481 4
719 176 4
479 121 5
743 368 5
623 48 2
312 94 4
227 261 5
19 233 4
897 365 4
888 391 4
441 268 2
414 175 5
227 819 3
53 95 5
162 341 3
16 91 3
416 73 5
33 51 5
872 205 3
84 59 5
689 358 5
846 864 4
501 439 3
651 1077 3
19 469 5
197 532 5
209 230 4
406 53 3
36 782 2
36 96 2
490 51 5
61 242 5
118 560 4
753 427 3
76 526 4
810 118 2
296 261 3
896 217 1
779 1001 3
939 657 4
76 469 4
122 433 3
840 669 3
38 30 5
163 588 4
894 747 2
676 708 2
395 148 3
448 202 4
764 310 5
116 88 3
480 230 5
33 629 2
499 461 5
894 355 3
265 298 4
645 265 3
414 257 4
651 1066 3
72 220 3
604 988 3
612 461 4
647 1017 3
891 407 4
547 5 4
443 41 4
645 147 2
886 527 3
472 50 5
271 96 3
130 472 4
132 155 5
478 307 4
928 180 5
709 7 5
97 222 3
623 647 2
570 57 3
645 221 4
750 409 3
337 284 5
490 470 3
176 528 4
38 844 3
760 749 4
301 140 4
265 863 5
896 60 1
899 258 4
536 142 5
667 874 3
848 548 4
76 399 2
144 25 5
869 405 4
365 202 4
538 439 3
689 450 2
791 418 4
463 103 5
59 781 4
13 656 4
838 321 4
649 321 3
869 945 3
496 356 4
281 512 1
770 272 3
798 550 4
104 57 5
143 752 3
89 39 5
490 414 4
478 180 5
845 1024 3
532 139 3
647 158 3
667 433 4
182 865 4
66 312 5
98 274 5
895 772 5
484 117 3
751 192 3
879 217 1
484 45 5
675 376 4
536 566 4
647 562 3
149 269 4
528 25 3
666 67 4
759 483 4
685 109 5
403 160 2
149 624 5
28 145 1
351 190 1
655 321 3
868 241 5
545 886 3
435 89 4
695 281 3
840 105 4
170 18 3
4 378 4
59 1017 3
406 581 4
139 404 4
709 22 5
405 602 3
709 54 5
69 114 4
81 233 5
651 1106 3
733 401 5
737 507 3
422 171 3
897 119 4
69 66 2
631 323 3
500 967 3
360 90 4
227 231 5
832 368 5
463 218 3
693 1062 5
658 84 3
818 50 4
454 89 5
272 598 4
120 901 4
336 210 4
783 147 3
294 154 5
341 143 3
206 388 3
602 13 3
18 661 4
226 53 5
104 865 4
196 103 4
284 974 5
395 1020 2
908 453 1
697 829 2
588 178 5
490 45 2
71 268 2
868 243 3
454 1071 4
683 89 3
350 377 3
417 693 4
393 222 4
843 796 5
468 1098 4
621 149 4
76 167 3
341 569 1
59 339 1
902 269 4
19 414 4
103 475 3
168 182 2
897 507 4
894 15 2
815 600 5
390 252 3
378 15 1
418 768 4
886 993 1
174 267 4
265 1227 1
40 25 4
656 605 2
16 32 5
320 276 4
492 427 2
774 275 2
838 21 2
770 58 1
926 97 5
783 369 3
695 696 3
634 404 5
46 88 3
832 572 5
22 248 4
19 346 4
846 609 3
115 562 4
163 202 2
856 378 4
513 414 1
486 815 3
523 186 4
534 961 3
721 445 4
885 308 4
638 250 3
337 1050 5
311 539 4
46 257 4
312 245 4
365 58 2
397 190 1
647 265 3
313 13 4
614 1074 5
348 526 3
650 905 3
163 271 4
480 205 2
830 486 4
691 24 4
438 901 5
195 614 5
918 591 3
39 842 3
175 956 3
316 136 5
209 427 1
618 217 5
81 276 5
609 330 1
881 333 3
836 284 2
804 914 3
872 131 4
81 1242 5
393 101 5
730 687 1
53 593 4
499 134 3
938 374 5
838 519 4
794 826 3
553 340 2
227 111 1
753 362 4
533 408 4
929 243 3
9 181 5
126 330 4
91 438 3
322 243 4
504 351 5
422 28 3
59 1151 5
50 824 3
696 966 4
697 240 3
66 433 4
111 175 5
342 50 5
336 289 5
424 392 5
266 401 5
343 137 3
477 367 4
479 210 5
376 102 4
783 189 4
439 839 5
263 1274 1
140 167 5
791 192 5
436 121 4
96 705 3
380 54 2
879 590 3
255 222 2
244 571 3
128 243 2
25 51 3
129 221 1
517 321 5
48 949 4
117 293 3
559 1057 5
10 244 3
16 1022 1
178 405 2
675 699 3
881 1023 4
604 122 3
805 92 4
108 121 3
816 863 4
241 553 3
570 87 4
673 96 2
39 1029 5
686 158 4
126 237 4
144 1269 2
547 397 4
18 436 3
182 684 5
664 696 3
79 544 3
670 67 4
59 76 1
671 33 5
410 725 2
78 94 4
483 319 3
478 404 4
769 726 5
865 208 2
566 796 4
888 53 4
388 260 3
675 88 2
612 35 5
39 878 5
