0 1.17008677406329
1 1.10927056736762
2 1.08283966572448
3 1.06902363302226
4 1.06093937635109
5 1.05574648352509
6 1.05212270002597
7 1.04940714837196
8 1.04724954336578
9 1.04545284356214
10 1.04389895514572
11 1.04251225603421
12 1.04124099837105
13 1.0400474375682
14 1.03890236399981
15 1.03778193940361
16 1.03666579269777
17 1.035535840729
18 1.03437555440125
19 1.03316952176867
20 1.03190322906048
21 1.03056301777069
22 1.02913619496284
23 1.02761128144778
24 1.0259783815763
25 1.0242296507247
26 1.02235982371188
27 1.02036675174886
28 1.01825188075233
29 1.01602059480225
30 1.01368235032064
31 1.01125054291238
32 1.00874208010523
33 1.00617667513323
34 1.00357592075149
35 1.00096223720652
36 0.998357805990371
37 0.995783597025892
38 0.993258573980509
39 0.990799127978572
40 0.98841875337411
41 0.986127948268202
42 0.983934301522769
43 0.981842717957194
44 0.979855732491126
45 0.977973869330921
46 0.976196010962877
47 0.974519751370254
48 0.972941716949507
49 0.971457846197623
50 0.970063625047986
51 0.96875427878366
52 0.967524923991482
53 0.966370685365756
54 0.965286782657174
55 0.964268592983617
56 0.963311693302023
57 0.96241188725976
58 0.961565220006223
59 0.960767983926237
60 0.96001671769238
61 0.959308200540827
62 0.958639443259436
63 0.9580076770341
64 0.957410341020184
65 0.956845069285501
66 0.956309677596002
67 0.955802150380143
68 0.955320628103904
69 0.954863395209812
70 0.954428868713945
71 0.954015587512129
72 0.953622202414336
73 0.95324746690448
74 0.952890228606937
75 0.952549421430866
76 0.952224058357673
77 0.951913224831888
78 0.951616072715134
79 0.951331814762313
80 0.951059719580216
81 0.950799107028987
82 0.95054934403057
83 0.950309840748933
84 0.950080047109583
85 0.949859449628191
86 0.949647568521129
87 0.949443955071147
88 0.949248189225488
89 0.949059877404799
90 0.948878650502906
91 0.948704162059947
92 0.948536086592881
93 0.948374118067518
94 0.948217968500648
95 0.948067366678364
96 0.947922056981175
97 0.947781798304841
98 0.947646363069314
99 0.947515536306749
