0 1.11855767732316
1 1.11855767732316
2 1.11855767732316
3 1.11855767732316
4 1.11855767732316
5 1.11855767732316
6 1.11855767732316
7 1.11855767732316
8 1.11855767732316
9 1.11855767732316
10 1.11855767732316
11 1.11855767732316
12 1.11855767732316
13 1.11855767732316
14 1.11855767732316
15 1.11855767732316
16 1.11855767732316
17 1.11855767732316
18 1.11855767732316
19 1.11855767732316
20 1.11855767732316
21 1.11855767732316
22 1.11855767732316
23 1.11855767732316
24 1.11855767732316
25 1.11855767732316
26 1.11855767732316
27 1.11855767732316
28 1.11855767732316
29 1.11855767732316
30 1.11855767732316
31 1.11855767732316
32 1.11855767732316
33 1.11855767732316
34 1.11855767732316
35 1.11855767732316
36 1.11855767732316
37 1.11855767732316
38 1.11855767732316
39 1.11855767732316
40 1.11855767732316
41 1.11855767732316
42 1.11855767732316
43 1.11855767732316
44 1.11855767732316
45 1.11855767732316
46 1.11855767732316
47 1.11855767732316
48 1.11855767732316
49 1.11855767732316


















































