0 1.10977323698741
1 1.05687750722112
2 1.04849320451762
3 1.0449122531859
4 1.04278791777138
5 1.04132697446372
6 1.04023765085107
7 1.03938256864536
8 1.03868615660924
9 1.03810222848415
10 1.03760036674724
11 1.03715940442763
12 1.03676397671298
13 1.03640254766299
14 1.03606620978721
15 1.03574791899054
16 1.03544198996947
17 1.03514375529188
18 1.03484933160723
19 1.03455545839559
20 1.03425938725842
21 1.03395880724033
22 1.03365179622196
23 1.03333679120814
24 1.03301257202103
25 1.03267825390052
26 1.03233328507932
27 1.03197744573139
28 1.03161084494422
29 1.03123391266462
30 1.03084738402096
31 1.03045227409982
32 1.0300498421773
33 1.02964154553576
34 1.02922898423761
35 1.02881383942063
36 1.02839780864071
37 1.02798254234154
38 1.02756958555131
39 1.02716032836358
40 1.02675596772597
41 1.02635748171187
42 1.02596561602142
43 1.02558088118886
44 1.0252035580501
45 1.0248337085412
46 1.0244711888404
47 1.02411566213872
48 1.02376660877379
49 1.02342333193777
50 1.02308495754374
51 1.02275042701736
52 1.02241848172716
53 1.02208763745367
54 1.02175614671379
55 1.02142194587328
56 1.02108258274822
57 1.02073511872293
58 1.02037599716865
59 1.02000086696717
60 1.0196043460569
61 1.01917970503674
62 1.01871844518059
63 1.01820973967326
64 1.01763970414408
65 1.01699046899495
66 1.0162390552631
67 1.01535613474481
68 1.01430493127981
69 1.01304086263139
70 1.01151309187104
71 1.00966988447451
72 1.00747006650756
73 1.00490168502651
74 1.00200443726414
75 0.998884778501852
76 0.995708102394532
77 0.992661404664447
78 0.989901815629729
79 0.987520145140171
80 0.985536457750696
81 0.983920309882749
82 0.982617083276591
83 0.981567707687792
84 0.980719014775193
85 0.980027259967056
86 0.979458067553108
87 0.978985005743121
88 0.978587907741566
89 0.978251380080426
90 0.977963612701446
91 0.977715475470866
92 0.977499847453725
93 0.977311123118561
94 0.977144848932093
95 0.976997454785974
96 0.976866054160991
97 0.976748294227446
98 0.976642242424785
99 0.97654629988726
100 0.976459134790373
101 0.976379630607108
102 0.976306845619642
103 0.976239980998763
104 0.976178355457409
105 0.976121384987158
106 0.976068566553112
107 0.976019464892368
108 0.975973701762024
109 0.975930947132387
110 0.975890911933926
111 0.975853342052651
112 0.975818013333952
113 0.975784727405294
114 0.975753308167475
115 0.97572359883418
116 0.975695459423589
117 0.975668764624164
118 0.975643401971917
119 0.975619270287666
120 0.975596278332619
121 0.975574343647681
122 0.975553391548354
123 0.975533354251393
124 0.975514170114108
125 0.975495782969558
126 0.9754781415443
127 0.975461198946975
128 0.975444912218157
129 0.975429241933041
130 0.975414151850285
131 0.975399608600661
132 0.975385581410721
133 0.975372041856901
134 0.975358963646393
135 0.975346322421509
136 0.975334095584704
137 0.975322262141773
138 0.975310802561253
139 0.975299698647997
140 0.975288933429402
141 0.975278491052915
142 0.975268356693489
143 0.975258516469922
144 0.975248957369142
145 0.975239667177656
146 0.975230634419266
147 0.975221848298537
148 0.975213298649314
149 0.975204975887893
150 0.975196870970299
151 0.975188975353253
152 0.975181280958559
153 0.975173780140443
154 0.975166465655659
155 0.975159330636129
156 0.975152368563743
157 0.97514557324724
158 0.975138938800928
159 0.975132459625069
160 0.975126130387841
161 0.975119946008623
162 0.975113901642592
163 0.975107992666493
164 0.975102214665389
165 0.975096563420481
166 0.975091034897759
167 0.975085625237397
168 0.975080330744053
169 0.975075147877712
170 0.975070073245189
171 0.975065103592252
172 0.975060235796211
173 0.975055466859046
174 0.975050793900984
175 0.97504621415439
176 0.975041724958266
177 0.9750373237528
178 0.975033008074557
179 0.975028775551674
180 0.975024623899628
181 0.975020550917029
182 0.975016554481752
183 0.975012632547332
184 0.975008783139513
185 0.97500500435296
186 0.97500129434828
187 0.974997651349027
188 0.974994073639083
189 0.974990559559958
190 0.974987107508434
191 0.97498371593419
192 0.974980383337599
193 0.974977108267695
194 0.974973889320136
195 0.974970725135341
196 0.974967614396722
197 0.974964555828945
198 0.974961548196374
199 0.974958590301421
