0 1.05104408858191
1 1.04650405767607
2 1.0420402150412
3 1.03765354392982
4 1.03334502714673
5 1.02911564629768
6 1.02496638101106
7 1.02089820813283
8 1.01691210089554
9 1.013009028062
10 1.0091899530446
11 1.00545583300122
12 1.00180761790905
13 0.998246249617143
14 0.994772660879767
15 0.991387774371491
16 0.988092501686159
17 0.98488774232122
18 0.981774382649658
19 0.978753294881468
20 0.975825336016949
21 0.972991346794107
22 0.97025215063277
23 0.967608552577876
24 0.965061338244676
25 0.962611272768539
26 0.960259099762455
27 0.958005540284878
28 0.955851291821176
29 0.953797027281479
30 0.951843394018247
31 0.949991012866522
32 0.9482404772099
33 0.946592352075498
34 0.945047173260789
35 0.94360544649539
36 0.942267646640711
37 0.941034216930359
38 0.939905568253988
39 0.938882078487246
40 0.937964091870312
41 0.937151918437414
42 0.936445833499393
43 0.935846077181374
44 0.935352854017381
45 0.934966332603395
46 0.934686645310186
47 0.934513888057283
48 0.934448120148686
49 0.934489364171111










