5 0.0025 0.0114035087719298
6 0.0025 0.0135964912280702
7 0.0025 0.0118421052631579
8 0.0025 0.012280701754386
9 0.0025 0.00745614035087719
10 0.0025 0.0135964912280702
11 0.0025 0.0162280701754386
12 0.0025 0.0118421052631579
13 0.0025 0.012280701754386
14 0.0025 0.0149122807017544
15 0.0025 0.0109649122807018
5 0.0065 0.0149122807017544
6 0.0065 0.0140350877192982
7 0.0065 0.0153508771929825
8 0.0065 0.00964912280701754
9 0.0065 0.00921052631578947
10 0.0065 0.012280701754386
11 0.0065 0.0131578947368421
12 0.0065 0.0105263157894737
13 0.0065 0.012280701754386
14 0.0065 0.0135964912280702
15 0.0065 0.0114035087719298
5 0.0105 0.0114035087719298
6 0.0105 0.0131578947368421
7 0.0105 0.0131578947368421
8 0.0105 0.0144736842105263
9 0.0105 0.0118421052631579
10 0.0105 0.0144736842105263
11 0.0105 0.0105263157894737
12 0.0105 0.0149122807017544
13 0.0105 0.00921052631578947
14 0.0105 0.0118421052631579
15 0.0105 0.0157894736842105
5 0.0145 0.0131578947368421
6 0.0145 0.0118421052631579
7 0.0145 0.0162280701754386
8 0.0145 0.0153508771929825
9 0.0145 0.012280701754386
10 0.0145 0.0149122807017544
11 0.0145 0.0114035087719298
12 0.0145 0.0149122807017544
13 0.0145 0.012280701754386
14 0.0145 0.0131578947368421
15 0.0145 0.0140350877192982
5 0.0185 0.0135964912280702
6 0.0185 0.012719298245614
7 0.0185 0.0105263157894737
8 0.0185 0.0140350877192982
9 0.0185 0.0109649122807018
10 0.0185 0.012719298245614
11 0.0185 0.0114035087719298
12 0.0185 0.0100877192982456
13 0.0185 0.0109649122807018
14 0.0185 0.0100877192982456
15 0.0185 0.0153508771929825
5 0.0225 0.012280701754386
6 0.0225 0.0140350877192982
7 0.0225 0.0140350877192982
8 0.0225 0.0140350877192982
9 0.0225 0.012280701754386
10 0.0225 0.0162280701754386
11 0.0225 0.0153508771929825
12 0.0225 0.012280701754386
13 0.0225 0.0109649122807018
14 0.0225 0.012280701754386
15 0.0225 0.0109649122807018
5 0.0265 0.012280701754386
6 0.0265 0.0144736842105263
7 0.0265 0.012280701754386
8 0.0265 0.0135964912280702
9 0.0265 0.0153508771929825
10 0.0265 0.012280701754386
11 0.0265 0.0144736842105263
12 0.0265 0.0153508771929825
13 0.0265 0.012280701754386
14 0.0265 0.0144736842105263
15 0.0265 0.0140350877192982
5 0.0305 0.0114035087719298
6 0.0305 0.0105263157894737
7 0.0305 0.0153508771929825
8 0.0305 0.0131578947368421
9 0.0305 0.0140350877192982
10 0.0305 0.0100877192982456
11 0.0305 0.0100877192982456
12 0.0305 0.0114035087719298
13 0.0305 0.012280701754386
14 0.0305 0.0118421052631579
15 0.0305 0.0118421052631579
5 0.0345 0.0131578947368421
6 0.0345 0.0153508771929825
7 0.0345 0.00745614035087719
8 0.0345 0.0135964912280702
9 0.0345 0.0171052631578947
10 0.0345 0.0118421052631579
11 0.0345 0.0135964912280702
12 0.0345 0.0105263157894737
13 0.0345 0.00921052631578947
14 0.0345 0.012719298245614
15 0.0345 0.0087719298245614
5 0.0385 0.0149122807017544
6 0.0385 0.0109649122807018
7 0.0385 0.0162280701754386
8 0.0385 0.0087719298245614
9 0.0385 0.012719298245614
10 0.0385 0.0153508771929825
11 0.0385 0.0140350877192982
12 0.0385 0.0100877192982456
13 0.0385 0.0131578947368421
14 0.0385 0.0135964912280702
15 0.0385 0.012280701754386
5 0.0425 0.0100877192982456
6 0.0425 0.0114035087719298
7 0.0425 0.0118421052631579
8 0.0425 0.0100877192982456
9 0.0425 0.0118421052631579
10 0.0425 0.0144736842105263
11 0.0425 0.0135964912280702
12 0.0425 0.0131578947368421
13 0.0425 0.0109649122807018
14 0.0425 0.012719298245614
15 0.0425 0.0105263157894737
5 0.0465 0.0135964912280702
6 0.0465 0.0153508771929825
7 0.0465 0.0144736842105263
8 0.0465 0.0114035087719298
9 0.0465 0.012280701754386
10 0.0465 0.0140350877192982
11 0.0465 0.0114035087719298
12 0.0465 0.0109649122807018
13 0.0465 0.0131578947368421
14 0.0465 0.0131578947368421
15 0.0465 0.0118421052631579
5 0.0505 0.0114035087719298
6 0.0505 0.0114035087719298
7 0.0505 0.0118421052631579
8 0.0505 0.012719298245614
9 0.0505 0.00964912280701754
10 0.0505 0.0135964912280702
11 0.0505 0.0105263157894737
12 0.0505 0.00921052631578947
13 0.0505 0.0149122807017544
14 0.0505 0.0118421052631579
15 0.0505 0.0135964912280702
5 0.0545 0.0114035087719298
6 0.0545 0.0105263157894737
7 0.0545 0.0118421052631579
8 0.0545 0.00964912280701754
9 0.0545 0.00833333333333333
10 0.0545 0.012719298245614
11 0.0545 0.012719298245614
12 0.0545 0.0131578947368421
13 0.0545 0.0114035087719298
14 0.0545 0.0140350877192982
15 0.0545 0.0114035087719298
5 0.0585 0.012280701754386
6 0.0585 0.0157894736842105
7 0.0585 0.00921052631578947
8 0.0585 0.0100877192982456
9 0.0585 0.0105263157894737
10 0.0585 0.012719298245614
11 0.0585 0.0149122807017544
12 0.0585 0.012719298245614
13 0.0585 0.0149122807017544
14 0.0585 0.012719298245614
15 0.0585 0.012280701754386
5 0.0625 0.0114035087719298
6 0.0625 0.012719298245614
7 0.0625 0.012280701754386
8 0.0625 0.0135964912280702
9 0.0625 0.0166666666666667
10 0.0625 0.0135964912280702
11 0.0625 0.0140350877192982
12 0.0625 0.0144736842105263
13 0.0625 0.0087719298245614
14 0.0625 0.0135964912280702
15 0.0625 0.0114035087719298
5 0.0665 0.0149122807017544
6 0.0665 0.0118421052631579
7 0.0665 0.0105263157894737
8 0.0665 0.0131578947368421
9 0.0665 0.0135964912280702
10 0.0665 0.0118421052631579
11 0.0665 0.0131578947368421
12 0.0665 0.0087719298245614
13 0.0665 0.0144736842105263
14 0.0665 0.0135964912280702
15 0.0665 0.00964912280701754
5 0.0705 0.0100877192982456
6 0.0705 0.00921052631578947
7 0.0705 0.0140350877192982
8 0.0705 0.012280701754386
9 0.0705 0.0131578947368421
10 0.0705 0.0131578947368421
11 0.0705 0.012719298245614
12 0.0705 0.0153508771929825
13 0.0705 0.00964912280701754
14 0.0705 0.0131578947368421
15 0.0705 0.0118421052631579
5 0.0745 0.0114035087719298
6 0.0745 0.0153508771929825
7 0.0745 0.0157894736842105
8 0.0745 0.0144736842105263
9 0.0745 0.0118421052631579
10 0.0745 0.0109649122807018
11 0.0745 0.0153508771929825
12 0.0745 0.0131578947368421
13 0.0745 0.012280701754386
14 0.0745 0.012280701754386
15 0.0745 0.0135964912280702
5 0.0785 0.0135964912280702
6 0.0785 0.0135964912280702
7 0.0785 0.0109649122807018
8 0.0785 0.0131578947368421
9 0.0785 0.0109649122807018
10 0.0785 0.0114035087719298
11 0.0785 0.012719298245614
12 0.0785 0.0149122807017544
13 0.0785 0.0109649122807018
14 0.0785 0.012280701754386
15 0.0785 0.0109649122807018
5 0.0825 0.0153508771929825
6 0.0825 0.00921052631578947
7 0.0825 0.00964912280701754
8 0.0825 0.0144736842105263
9 0.0825 0.0153508771929825
10 0.0825 0.00964912280701754
11 0.0825 0.0109649122807018
12 0.0825 0.0114035087719298
13 0.0825 0.012280701754386
14 0.0825 0.0144736842105263
15 0.0825 0.0100877192982456
5 0.0865 0.0149122807017544
6 0.0865 0.0100877192982456
7 0.0865 0.00964912280701754
8 0.0865 0.0109649122807018
9 0.0865 0.0114035087719298
10 0.0865 0.0131578947368421
11 0.0865 0.0131578947368421
12 0.0865 0.0135964912280702
13 0.0865 0.0135964912280702
14 0.0865 0.0100877192982456
15 0.0865 0.0118421052631579
5 0.0905000000000001 0.0118421052631579
6 0.0905000000000001 0.0144736842105263
7 0.0905000000000001 0.0140350877192982
8 0.0905000000000001 0.012719298245614
9 0.0905000000000001 0.0149122807017544
10 0.0905000000000001 0.0140350877192982
11 0.0905000000000001 0.0114035087719298
12 0.0905000000000001 0.0114035087719298
13 0.0905000000000001 0.0100877192982456
14 0.0905000000000001 0.0114035087719298
15 0.0905000000000001 0.0140350877192982
5 0.0945000000000001 0.0149122807017544
6 0.0945000000000001 0.012280701754386
7 0.0945000000000001 0.012280701754386
8 0.0945000000000001 0.0162280701754386
9 0.0945000000000001 0.0100877192982456
10 0.0945000000000001 0.0105263157894737
11 0.0945000000000001 0.0140350877192982
12 0.0945000000000001 0.012719298245614
13 0.0945000000000001 0.0149122807017544
14 0.0945000000000001 0.00964912280701754
15 0.0945000000000001 0.012280701754386
5 0.0985000000000001 0.0131578947368421
6 0.0985000000000001 0.0135964912280702
7 0.0985000000000001 0.0140350877192982
8 0.0985000000000001 0.0166666666666667
9 0.0985000000000001 0.0118421052631579
10 0.0985000000000001 0.012280701754386
11 0.0985000000000001 0.0118421052631579
12 0.0985000000000001 0.0135964912280702
13 0.0985000000000001 0.0100877192982456
14 0.0985000000000001 0.0105263157894737
15 0.0985000000000001 0.00964912280701754
5 0.1025 0.0149122807017544
6 0.1025 0.0114035087719298
7 0.1025 0.0179824561403509
8 0.1025 0.00789473684210526
9 0.1025 0.012280701754386
10 0.1025 0.00964912280701754
11 0.1025 0.0118421052631579
12 0.1025 0.0131578947368421
13 0.1025 0.0114035087719298
14 0.1025 0.0105263157894737
15 0.1025 0.00964912280701754
5 0.1065 0.00701754385964912
6 0.1065 0.012719298245614
7 0.1065 0.0105263157894737
8 0.1065 0.0100877192982456
9 0.1065 0.0118421052631579
10 0.1065 0.0118421052631579
11 0.1065 0.0105263157894737
12 0.1065 0.0109649122807018
13 0.1065 0.0114035087719298
14 0.1065 0.012280701754386
15 0.1065 0.0131578947368421
5 0.1105 0.0140350877192982
6 0.1105 0.012280701754386
7 0.1105 0.0087719298245614
8 0.1105 0.0144736842105263
9 0.1105 0.0131578947368421
10 0.1105 0.0105263157894737
11 0.1105 0.0114035087719298
12 0.1105 0.0114035087719298
13 0.1105 0.0109649122807018
14 0.1105 0.012280701754386
15 0.1105 0.0109649122807018
5 0.1145 0.0166666666666667
6 0.1145 0.0118421052631579
7 0.1145 0.00833333333333333
8 0.1145 0.0144736842105263
9 0.1145 0.0153508771929825
10 0.1145 0.0114035087719298
11 0.1145 0.0109649122807018
12 0.1145 0.0162280701754386
13 0.1145 0.00921052631578947
14 0.1145 0.0109649122807018
15 0.1145 0.0114035087719298
5 0.1185 0.0153508771929825
6 0.1185 0.0144736842105263
7 0.1185 0.0144736842105263
8 0.1185 0.012280701754386
9 0.1185 0.0153508771929825
10 0.1185 0.0135964912280702
11 0.1185 0.0171052631578947
12 0.1185 0.0131578947368421
13 0.1185 0.0135964912280702
14 0.1185 0.0109649122807018
15 0.1185 0.012280701754386
5 0.1225 0.0100877192982456
6 0.1225 0.0166666666666667
7 0.1225 0.0131578947368421
8 0.1225 0.012280701754386
9 0.1225 0.0135964912280702
10 0.1225 0.0105263157894737
11 0.1225 0.0118421052631579
12 0.1225 0.00701754385964912
13 0.1225 0.012280701754386
14 0.1225 0.012719298245614
15 0.1225 0.0157894736842105
5 0.1265 0.0114035087719298
6 0.1265 0.012719298245614
7 0.1265 0.0114035087719298
8 0.1265 0.0144736842105263
9 0.1265 0.012719298245614
10 0.1265 0.0162280701754386
11 0.1265 0.0153508771929825
12 0.1265 0.0109649122807018
13 0.1265 0.00921052631578947
14 0.1265 0.0105263157894737
15 0.1265 0.012719298245614
5 0.1305 0.0144736842105263
6 0.1305 0.0114035087719298
7 0.1305 0.0131578947368421
8 0.1305 0.0144736842105263
9 0.1305 0.00964912280701754
10 0.1305 0.00964912280701754
11 0.1305 0.012280701754386
12 0.1305 0.0100877192982456
13 0.1305 0.012719298245614
14 0.1305 0.0140350877192982
15 0.1305 0.0149122807017544
5 0.1345 0.0118421052631579
6 0.1345 0.0131578947368421
7 0.1345 0.0114035087719298
8 0.1345 0.0100877192982456
9 0.1345 0.0100877192982456
10 0.1345 0.0114035087719298
11 0.1345 0.0162280701754386
12 0.1345 0.0144736842105263
13 0.1345 0.012280701754386
14 0.1345 0.0131578947368421
15 0.1345 0.0114035087719298
5 0.1385 0.00789473684210526
6 0.1385 0.00570175438596491
7 0.1385 0.0100877192982456
8 0.1385 0.0144736842105263
9 0.1385 0.0118421052631579
10 0.1385 0.0100877192982456
11 0.1385 0.0109649122807018
12 0.1385 0.00789473684210526
13 0.1385 0.0149122807017544
14 0.1385 0.00921052631578947
15 0.1385 0.00921052631578947
5 0.1425 0.0171052631578947
6 0.1425 0.0118421052631579
7 0.1425 0.0109649122807018
8 0.1425 0.012280701754386
9 0.1425 0.0131578947368421
10 0.1425 0.012719298245614
11 0.1425 0.00833333333333333
12 0.1425 0.0114035087719298
13 0.1425 0.0087719298245614
14 0.1425 0.0135964912280702
15 0.1425 0.00964912280701754
5 0.1465 0.0166666666666667
6 0.1465 0.0118421052631579
7 0.1465 0.0131578947368421
8 0.1465 0.00964912280701754
9 0.1465 0.00921052631578947
10 0.1465 0.012719298245614
11 0.1465 0.0149122807017544
12 0.1465 0.0135964912280702
13 0.1465 0.0100877192982456
14 0.1465 0.0100877192982456
15 0.1465 0.00526315789473684
5 0.1505 0.00921052631578947
6 0.1505 0.0131578947368421
7 0.1505 0.0149122807017544
8 0.1505 0.0140350877192982
9 0.1505 0.00964912280701754
10 0.1505 0.0114035087719298
11 0.1505 0.0140350877192982
12 0.1505 0.0131578947368421
13 0.1505 0.0135964912280702
14 0.1505 0.0162280701754386
15 0.1505 0.0100877192982456
5 0.1545 0.0149122807017544
6 0.1545 0.00833333333333333
7 0.1545 0.0105263157894737
8 0.1545 0.0114035087719298
9 0.1545 0.00964912280701754
10 0.1545 0.0131578947368421
11 0.1545 0.0135964912280702
12 0.1545 0.0118421052631579
13 0.1545 0.0109649122807018
14 0.1545 0.0175438596491228
5 0.0025 0.012719298245614
6 0.0025 0.0100877192982456
7 0.0025 0.0140350877192982
8 0.0025 0.0140350877192982
9 0.0025 0.012719298245614
10 0.0025 0.00921052631578947
11 0.0025 0.0135964912280702
12 0.0025 0.0144736842105263
13 0.0025 0.012280701754386
14 0.0025 0.0100877192982456
15 0.0025 0.0153508771929825
16 0.0025 0.0105263157894737
17 0.0025 0.0157894736842105
18 0.0025 0.0118421052631579
19 0.0025 0.012280701754386
20 0.0025 0.0114035087719298
21 0.0025 0.0109649122807018
22 0.0025 0.0105263157894737
23 0.0025 0.0157894736842105
24 0.0025 0.0144736842105263
25 0.0025 0.0135964912280702
5 0.0065 0.012719298245614
6 0.0065 0.0166666666666667
7 0.0065 0.0140350877192982
8 0.0065 0.0118421052631579
9 0.0065 0.012719298245614
10 0.0065 0.012719298245614
11 0.0065 0.0114035087719298
12 0.0065 0.00789473684210526
13 0.0065 0.0140350877192982
14 0.0065 0.0109649122807018
15 0.0065 0.012280701754386
16 0.0065 0.0162280701754386
17 0.0065 0.0131578947368421
18 0.0065 0.0131578947368421
19 0.0065 0.0100877192982456
20 0.0065 0.00789473684210526
21 0.0065 0.012280701754386
22 0.0065 0.0140350877192982
23 0.0065 0.012280701754386
24 0.0065 0.0105263157894737
25 0.0065 0.0105263157894737
5 0.0105 0.012280701754386
6 0.0105 0.0100877192982456
7 0.0105 0.0162280701754386
8 0.0105 0.012719298245614
9 0.0105 0.012280701754386
10 0.0105 0.0144736842105263
11 0.0105 0.0131578947368421
12 0.0105 0.0114035087719298
13 0.0105 0.0149122807017544
14 0.0105 0.0144736842105263
15 0.0105 0.0140350877192982
16 0.0105 0.0118421052631579
17 0.0105 0.012719298245614
18 0.0105 0.0144736842105263
19 0.0105 0.012280701754386
20 0.0105 0.0140350877192982
21 0.0105 0.0149122807017544
22 0.0105 0.012280701754386
23 0.0105 0.0153508771929825
24 0.0105 0.0157894736842105
25 0.0105 0.0157894736842105
5 0.0145 0.012280701754386
6 0.0145 0.0144736842105263
7 0.0145 0.0109649122807018
8 0.0145 0.012280701754386
9 0.0145 0.0109649122807018
10 0.0145 0.0153508771929825
11 0.0145 0.0109649122807018
12 0.0145 0.0153508771929825
13 0.0145 0.0149122807017544
14 0.0145 0.012719298245614
15 0.0145 0.0109649122807018
16 0.0145 0.0118421052631579
17 0.0145 0.0131578947368421
18 0.0145 0.0114035087719298
19 0.0145 0.0131578947368421
20 0.0145 0.0118421052631579
21 0.0145 0.0105263157894737
22 0.0145 0.0166666666666667
23 0.0145 0.0175438596491228
24 0.0145 0.012719298245614
25 0.0145 0.0114035087719298
5 0.0185 0.0118421052631579
6 0.0185 0.012280701754386
7 0.0185 0.0118421052631579
8 0.0185 0.0140350877192982
9 0.0185 0.0114035087719298
10 0.0185 0.0149122807017544
11 0.0185 0.0100877192982456
12 0.0185 0.0131578947368421
13 0.0185 0.012280701754386
14 0.0185 0.012719298245614
15 0.0185 0.0135964912280702
16 0.0185 0.0109649122807018
17 0.0185 0.0131578947368421
18 0.0185 0.00745614035087719
19 0.0185 0.0114035087719298
20 0.0185 0.0109649122807018
21 0.0185 0.00964912280701754
22 0.0185 0.0184210526315789
23 0.0185 0.0131578947368421
24 0.0185 0.0109649122807018
25 0.0185 0.0118421052631579
5 0.0225 0.00964912280701754
6 0.0225 0.0105263157894737
7 0.0225 0.0100877192982456
8 0.0225 0.0135964912280702
9 0.0225 0.0100877192982456
10 0.0225 0.0109649122807018
11 0.0225 0.0144736842105263
12 0.0225 0.0131578947368421
13 0.0225 0.0118421052631579
14 0.0225 0.012719298245614
15 0.0225 0.0144736842105263
16 0.0225 0.0131578947368421
17 0.0225 0.012719298245614
18 0.0225 0.012719298245614
19 0.0225 0.012719298245614
20 0.0225 0.00789473684210526
21 0.0225 0.0135964912280702
22 0.0225 0.0166666666666667
23 0.0225 0.0105263157894737
24 0.0225 0.0162280701754386
25 0.0225 0.0114035087719298
5 0.0265 0.00964912280701754
6 0.0265 0.0105263157894737
7 0.0265 0.0105263157894737
8 0.0265 0.0135964912280702
9 0.0265 0.0109649122807018
10 0.0265 0.0135964912280702
11 0.0265 0.0105263157894737
12 0.0265 0.0153508771929825
13 0.0265 0.012280701754386
14 0.0265 0.0140350877192982
15 0.0265 0.012280701754386
16 0.0265 0.0153508771929825
17 0.0265 0.0149122807017544
18 0.0265 0.0149122807017544
19 0.0265 0.0118421052631579
20 0.0265 0.0149122807017544
21 0.0265 0.012280701754386
22 0.0265 0.0131578947368421
23 0.0265 0.0140350877192982
24 0.0265 0.0135964912280702
25 0.0265 0.00964912280701754
5 0.0305 0.0144736842105263
6 0.0305 0.0105263157894737
7 0.0305 0.0109649122807018
8 0.0305 0.0144736842105263
9 0.0305 0.0114035087719298
10 0.0305 0.0131578947368421
11 0.0305 0.0100877192982456
12 0.0305 0.0153508771929825
13 0.0305 0.0109649122807018
14 0.0305 0.00745614035087719
15 0.0305 0.0166666666666667
16 0.0305 0.0144736842105263
17 0.0305 0.0140350877192982
18 0.0305 0.0131578947368421
19 0.0305 0.0149122807017544
20 0.0305 0.012280701754386
21 0.0305 0.0105263157894737
22 0.0305 0.012719298245614
23 0.0305 0.0149122807017544
24 0.0305 0.00921052631578947
25 0.0305 0.0140350877192982
5 0.0345 0.0131578947368421
6 0.0345 0.0153508771929825
7 0.0345 0.0100877192982456
8 0.0345 0.00833333333333333
9 0.0345 0.0140350877192982
10 0.0345 0.0109649122807018
11 0.0345 0.0118421052631579
12 0.0345 0.012280701754386
13 0.0345 0.012280701754386
14 0.0345 0.0153508771929825
15 0.0345 0.0140350877192982
16 0.0345 0.0118421052631579
17 0.0345 0.0109649122807018
18 0.0345 0.0131578947368421
19 0.0345 0.0105263157894737
20 0.0345 0.00964912280701754
21 0.0345 0.0109649122807018
22 0.0345 0.0105263157894737
23 0.0345 0.00964912280701754
24 0.0345 0.0109649122807018
25 0.0345 0.0135964912280702
5 0.0385 0.0105263157894737
6 0.0385 0.0162280701754386
7 0.0385 0.012280701754386
8 0.0385 0.012280701754386
9 0.0385 0.012280701754386
10 0.0385 0.0144736842105263
11 0.0385 0.0109649122807018
12 0.0385 0.0140350877192982
13 0.0385 0.012719298245614
14 0.0385 0.0114035087719298
15 0.0385 0.0135964912280702
16 0.0385 0.0149122807017544
17 0.0385 0.012280701754386
18 0.0385 0.0149122807017544
19 0.0385 0.0109649122807018
20 0.0385 0.0140350877192982
21 0.0385 0.012719298245614
22 0.0385 0.012719298245614
23 0.0385 0.0135964912280702
24 0.0385 0.0100877192982456
25 0.0385 0.00921052631578947
5 0.0425 0.012280701754386
6 0.0425 0.0109649122807018
7 0.0425 0.0175438596491228
8 0.0425 0.0105263157894737
9 0.0425 0.0157894736842105
10 0.0425 0.0114035087719298
11 0.0425 0.00921052631578947
12 0.0425 0.0118421052631579
13 0.0425 0.0131578947368421
14 0.0425 0.0135964912280702
15 0.0425 0.0175438596491228
16 0.0425 0.0100877192982456
17 0.0425 0.0114035087719298
18 0.0425 0.0144736842105263
19 0.0425 0.012280701754386
20 0.0425 0.0118421052631579
21 0.0425 0.0135964912280702
22 0.0425 0.0149122807017544
23 0.0425 0.0140350877192982
24 0.0425 0.0149122807017544
25 0.0425 0.012280701754386
5 0.0465 0.0131578947368421
6 0.0465 0.012280701754386
7 0.0465 0.012719298245614
8 0.0465 0.0135964912280702
9 0.0465 0.012280701754386
10 0.0465 0.0135964912280702
11 0.0465 0.012280701754386
12 0.0465 0.0109649122807018
13 0.0465 0.0087719298245614
14 0.0465 0.012719298245614
15 0.0465 0.00921052631578947
16 0.0465 0.0140350877192982
17 0.0465 0.0135964912280702
18 0.0465 0.0109649122807018
19 0.0465 0.0131578947368421
20 0.0465 0.012280701754386
21 0.0465 0.0118421052631579
22 0.0465 0.0140350877192982
23 0.0465 0.0157894736842105
24 0.0465 0.0162280701754386
25 0.0465 0.0114035087719298
5 0.0505 0.0131578947368421
6 0.0505 0.0179824561403509
7 0.0505 0.012719298245614
8 0.0505 0.0149122807017544
9 0.0505 0.0105263157894737
10 0.0505 0.012280701754386
11 0.0505 0.012719298245614
12 0.0505 0.0131578947368421
13 0.0505 0.0105263157894737
14 0.0505 0.0131578947368421
15 0.0505 0.0109649122807018
16 0.0505 0.012280701754386
17 0.0505 0.0109649122807018
18 0.0505 0.012280701754386
19 0.0505 0.0114035087719298
20 0.0505 0.00921052631578947
21 0.0505 0.0166666666666667
22 0.0505 0.0149122807017544
23 0.0505 0.0153508771929825
24 0.0505 0.0166666666666667
25 0.0505 0.0140350877192982
5 0.0545 0.0109649122807018
6 0.0545 0.012719298245614
7 0.0545 0.0135964912280702
8 0.0545 0.0118421052631579
9 0.0545 0.0118421052631579
10 0.0545 0.0153508771929825
11 0.0545 0.0131578947368421
12 0.0545 0.0131578947368421
13 0.0545 0.0184210526315789
14 0.0545 0.0118421052631579
15 0.0545 0.0131578947368421
16 0.0545 0.0118421052631579
17 0.0545 0.0114035087719298
18 0.0545 0.0140350877192982
19 0.0545 0.0153508771929825
20 0.0545 0.012719298245614
21 0.0545 0.0100877192982456
22 0.0545 0.0131578947368421
23 0.0545 0.0118421052631579
24 0.0545 0.0131578947368421
25 0.0545 0.0149122807017544
5 0.0585 0.0149122807017544
6 0.0585 0.0118421052631579
7 0.0585 0.0135964912280702
8 0.0585 0.0109649122807018
9 0.0585 0.0114035087719298
10 0.0585 0.0118421052631579
11 0.0585 0.0118421052631579
12 0.0585 0.0109649122807018
13 0.0585 0.00921052631578947
14 0.0585 0.0162280701754386
15 0.0585 0.0144736842105263
16 0.0585 0.012280701754386
17 0.0585 0.0109649122807018
18 0.0585 0.00921052631578947
19 0.0585 0.012280701754386
20 0.0585 0.0144736842105263
21 0.0585 0.0149122807017544
22 0.0585 0.012719298245614
23 0.0585 0.0105263157894737
24 0.0585 0.0100877192982456
25 0.0585 0.012280701754386
5 0.0625 0.0118421052631579
6 0.0625 0.0118421052631579
7 0.0625 0.00701754385964912
8 0.0625 0.012719298245614
9 0.0625 0.0109649122807018
10 0.0625 0.012280701754386
11 0.0625 0.012719298245614
12 0.0625 0.0153508771929825
13 0.0625 0.0135964912280702
14 0.0625 0.0131578947368421
15 0.0625 0.0162280701754386
16 0.0625 0.0118421052631579
17 0.0625 0.0157894736842105
18 0.0625 0.012280701754386
19 0.0625 0.0162280701754386
20 0.0625 0.0135964912280702
21 0.0625 0.0114035087719298
22 0.0625 0.00789473684210526
23 0.0625 0.0144736842105263
24 0.0625 0.00921052631578947
25 0.0625 0.00833333333333333
5 0.0665 0.0118421052631579
6 0.0665 0.0105263157894737
7 0.0665 0.0140350877192982
8 0.0665 0.0114035087719298
9 0.0665 0.0135964912280702
10 0.0665 0.0135964912280702
11 0.0665 0.0135964912280702
12 0.0665 0.0140350877192982
13 0.0665 0.0118421052631579
14 0.0665 0.0105263157894737
15 0.0665 0.0153508771929825
16 0.0665 0.00964912280701754
17 0.0665 0.0175438596491228
18 0.0665 0.0135964912280702
19 0.0665 0.0149122807017544
20 0.0665 0.0118421052631579
21 0.0665 0.0118421052631579
22 0.0665 0.0153508771929825
23 0.0665 0.0131578947368421
24 0.0665 0.0140350877192982
25 0.0665 0.00964912280701754
5 0.0705 0.0118421052631579
6 0.0705 0.0162280701754386
7 0.0705 0.0100877192982456
8 0.0705 0.0131578947368421
9 0.0705 0.0131578947368421
10 0.0705 0.0140350877192982
11 0.0705 0.0135964912280702
12 0.0705 0.0131578947368421
13 0.0705 0.0109649122807018
14 0.0705 0.0131578947368421
15 0.0705 0.0179824561403509
16 0.0705 0.0105263157894737
17 0.0705 0.0109649122807018
18 0.0705 0.0100877192982456
19 0.0705 0.0109649122807018
20 0.0705 0.00921052631578947
21 0.0705 0.012719298245614
22 0.0705 0.0118421052631579
23 0.0705 0.0135964912280702
24 0.0705 0.0109649122807018
25 0.0705 0.0135964912280702
5 0.0745 0.00964912280701754
6 0.0745 0.0109649122807018
7 0.0745 0.0171052631578947
8 0.0745 0.0118421052631579
9 0.0745 0.0105263157894737
10 0.0745 0.0135964912280702
11 0.0745 0.0109649122807018
12 0.0745 0.0162280701754386
13 0.0745 0.012280701754386
14 0.0745 0.0144736842105263
15 0.0745 0.0109649122807018
16 0.0745 0.0144736842105263
17 0.0745 0.0135964912280702
18 0.0745 0.0118421052631579
19 0.0745 0.0166666666666667
20 0.0745 0.00921052631578947
21 0.0745 0.0100877192982456
22 0.0745 0.0162280701754386
23 0.0745 0.0149122807017544
24 0.0745 0.0118421052631579
25 0.0745 0.0144736842105263
5 0.0785 0.0118421052631579
6 0.0785 0.012719298245614
7 0.0785 0.0118421052631579
8 0.0785 0.00964912280701754
9 0.0785 0.012719298245614
10 0.0785 0.0144736842105263
11 0.0785 0.0087719298245614
12 0.0785 0.0140350877192982
13 0.0785 0.0100877192982456
14 0.0785 0.0114035087719298
15 0.0785 0.0149122807017544
16 0.0785 0.0109649122807018
17 0.0785 0.0109649122807018
18 0.0785 0.00789473684210526
19 0.0785 0.0131578947368421
20 0.0785 0.012280701754386
21 0.0785 0.0131578947368421
22 0.0785 0.0105263157894737
23 0.0785 0.0105263157894737
24 0.0785 0.0144736842105263
25 0.0785 0.0109649122807018
5 0.0825 0.012280701754386
6 0.0825 0.0109649122807018
7 0.0825 0.0114035087719298
8 0.0825 0.0135964912280702
9 0.0825 0.0140350877192982
10 0.0825 0.0114035087719298
11 0.0825 0.0118421052631579
12 0.0825 0.0131578947368421
13 0.0825 0.0131578947368421
14 0.0825 0.0109649122807018
15 0.0825 0.012719298245614
16 0.0825 0.0087719298245614
17 0.0825 0.012719298245614
18 0.0825 0.0114035087719298
19 0.0825 0.0135964912280702
20 0.0825 0.0175438596491228
21 0.0825 0.0140350877192982
22 0.0825 0.0162280701754386
23 0.0825 0.0135964912280702
24 0.0825 0.0114035087719298
25 0.0825 0.012280701754386
5 0.0865 0.0109649122807018
6 0.0865 0.00833333333333333
7 0.0865 0.0175438596491228
8 0.0865 0.0140350877192982
9 0.0865 0.00964912280701754
10 0.0865 0.0109649122807018
11 0.0865 0.0118421052631579
12 0.0865 0.0153508771929825
13 0.0865 0.00964912280701754
14 0.0865 0.012719298245614
15 0.0865 0.0109649122807018
16 0.0865 0.0131578947368421
17 0.0865 0.018859649122807
18 0.0865 0.0144736842105263
19 0.0865 0.00526315789473684
20 0.0865 0.00921052631578947
21 0.0865 0.0149122807017544
22 0.0865 0.0118421052631579
23 0.0865 0.0109649122807018
24 0.0865 0.0144736842105263
25 0.0865 0.0131578947368421
5 0.0905000000000001 0.0131578947368421
6 0.0905000000000001 0.012719298245614
7 0.0905000000000001 0.0153508771929825
8 0.0905000000000001 0.0140350877192982
9 0.0905000000000001 0.0109649122807018
10 0.0905000000000001 0.0087719298245614
11 0.0905000000000001 0.012719298245614
12 0.0905000000000001 0.0140350877192982
13 0.0905000000000001 0.0100877192982456
14 0.0905000000000001 0.012719298245614
15 0.0905000000000001 0.0105263157894737
16 0.0905000000000001 0.0144736842105263
17 0.0905000000000001 0.012280701754386
18 0.0905000000000001 0.0105263157894737
19 0.0905000000000001 0.0100877192982456
20 0.0905000000000001 0.0135964912280702
21 0.0905000000000001 0.0157894736842105
22 0.0905000000000001 0.0135964912280702
23 0.0905000000000001 0.012719298245614
24 0.0905000000000001 0.0131578947368421
25 0.0905000000000001 0.00789473684210526
5 0.0945000000000001 0.0162280701754386
6 0.0945000000000001 0.0114035087719298
7 0.0945000000000001 0.0109649122807018
8 0.0945000000000001 0.012280701754386
9 0.0945000000000001 0.0135964912280702
10 0.0945000000000001 0.0114035087719298
11 0.0945000000000001 0.0144736842105263
12 0.0945000000000001 0.0109649122807018
13 0.0945000000000001 0.00964912280701754
14 0.0945000000000001 0.0140350877192982
15 0.0945000000000001 0.0140350877192982
16 0.0945000000000001 0.0114035087719298
17 0.0945000000000001 0.012280701754386
18 0.0945000000000001 0.0153508771929825
19 0.0945000000000001 0.0149122807017544
20 0.0945000000000001 0.0105263157894737
21 0.0945000000000001 0.00921052631578947
22 0.0945000000000001 0.0135964912280702
23 0.0945000000000001 0.0140350877192982
24 0.0945000000000001 0.0171052631578947
25 0.0945000000000001 0.0166666666666667
5 0.0985000000000001 0.0175438596491228
6 0.0985000000000001 0.0135964912280702
7 0.0985000000000001 0.012280701754386
8 0.0985000000000001 0.012719298245614
9 0.0985000000000001 0.0105263157894737
10 0.0985000000000001 0.0114035087719298
11 0.0985000000000001 0.012280701754386
12 0.0985000000000001 0.0135964912280702
13 0.0985000000000001 0.0100877192982456
14 0.0985000000000001 0.0131578947368421
15 0.0985000000000001 0.012719298245614
16 0.0985000000000001 0.0144736842105263
17 0.0985000000000001 0.0105263157894737
18 0.0985000000000001 0.0100877192982456
19 0.0985000000000001 0.0118421052631579
20 0.0985000000000001 0.00921052631578947
21 0.0985000000000001 0.0109649122807018
22 0.0985000000000001 0.0140350877192982
23 0.0985000000000001 0.0105263157894737
24 0.0985000000000001 0.00921052631578947
25 0.0985000000000001 0.0100877192982456
5 0.1025 0.0153508771929825
6 0.1025 0.0144736842105263
7 0.1025 0.0109649122807018
8 0.1025 0.00964912280701754
9 0.1025 0.0109649122807018
10 0.1025 0.0109649122807018
11 0.1025 0.0149122807017544
12 0.1025 0.0149122807017544
13 0.1025 0.0118421052631579
14 0.1025 0.012280701754386
15 0.1025 0.0153508771929825
16 0.1025 0.0140350877192982
17 0.1025 0.0109649122807018
18 0.1025 0.0087719298245614
19 0.1025 0.00745614035087719
20 0.1025 0.0105263157894737
21 0.1025 0.0105263157894737
22 0.1025 0.012280701754386
23 0.1025 0.00614035087719298
24 0.1025 0.012280701754386
25 0.1025 0.012719298245614
5 0.1065 0.0114035087719298
6 0.1065 0.0140350877192982
7 0.1065 0.0114035087719298
8 0.1065 0.0100877192982456
9 0.1065 0.0140350877192982
10 0.1065 0.00964912280701754
11 0.1065 0.0118421052631579
12 0.1065 0.0135964912280702
13 0.1065 0.0131578947368421
14 0.1065 0.0149122807017544
15 0.1065 0.012280701754386
16 0.1065 0.0157894736842105
17 0.1065 0.0157894736842105
18 0.1065 0.0166666666666667
19 0.1065 0.0144736842105263
20 0.1065 0.0114035087719298
21 0.1065 0.0149122807017544
22 0.1065 0.0087719298245614
23 0.1065 0.0135964912280702
24 0.1065 0.0105263157894737
25 0.1065 0.0105263157894737
5 0.1105 0.0100877192982456
6 0.1105 0.0140350877192982
7 0.1105 0.0140350877192982
8 0.1105 0.0135964912280702
9 0.1105 0.0118421052631579
10 0.1105 0.0105263157894737
11 0.1105 0.00657894736842105
12 0.1105 0.0144736842105263
13 0.1105 0.012280701754386
14 0.1105 0.012280701754386
15 0.1105 0.0109649122807018
16 0.1105 0.0171052631578947
17 0.1105 0.0140350877192982
18 0.1105 0.00921052631578947
19 0.1105 0.0131578947368421
20 0.1105 0.0114035087719298
21 0.1105 0.0131578947368421
22 0.1105 0.0109649122807018
23 0.1105 0.012280701754386
24 0.1105 0.0144736842105263
25 0.1105 0.0109649122807018
5 0.1145 0.0162280701754386
6 0.1145 0.0105263157894737
7 0.1145 0.0118421052631579
8 0.1145 0.0135964912280702
9 0.1145 0.0118421052631579
10 0.1145 0.0166666666666667
11 0.1145 0.0131578947368421
12 0.1145 0.0153508771929825
13 0.1145 0.00964912280701754
14 0.1145 0.0144736842105263
15 0.1145 0.012719298245614
16 0.1145 0.0131578947368421
17 0.1145 0.0087719298245614
18 0.1145 0.00921052631578947
19 0.1145 0.0100877192982456
20 0.1145 0.0114035087719298
21 0.1145 0.0135964912280702
22 0.1145 0.0105263157894737
23 0.1145 0.0118421052631579
24 0.1145 0.0149122807017544
25 0.1145 0.00921052631578947
5 0.1185 0.0157894736842105
6 0.1185 0.0114035087719298
7 0.1185 0.012719298245614
8 0.1185 0.0100877192982456
9 0.1185 0.0131578947368421
10 0.1185 0.0135964912280702
11 0.1185 0.0131578947368421
12 0.1185 0.0206140350877193
13 0.1185 0.0135964912280702
14 0.1185 0.0144736842105263
15 0.1185 0.0149122807017544
16 0.1185 0.00789473684210526
17 0.1185 0.0118421052631579
18 0.1185 0.0131578947368421
19 0.1185 0.012719298245614
20 0.1185 0.00789473684210526
21 0.1185 0.0144736842105263
22 0.1185 0.0144736842105263
23 0.1185 0.0135964912280702
24 0.1185 0.0105263157894737
25 0.1185 0.012280701754386
5 0.1225 0.0109649122807018
6 0.1225 0.012280701754386
7 0.1225 0.0109649122807018
8 0.1225 0.0118421052631579
9 0.1225 0.0114035087719298
10 0.1225 0.012719298245614
11 0.1225 0.00964912280701754
12 0.1225 0.0114035087719298
13 0.1225 0.0114035087719298
14 0.1225 0.0140350877192982
15 0.1225 0.0109649122807018
16 0.1225 0.0157894736842105
17 0.1225 0.0144736842105263
18 0.1225 0.0105263157894737
19 0.1225 0.0100877192982456
20 0.1225 0.012280701754386
21 0.1225 0.012719298245614
22 0.1225 0.0140350877192982
23 0.1225 0.00964912280701754
24 0.1225 0.012719298245614
25 0.1225 0.0149122807017544
5 0.1265 0.0100877192982456
6 0.1265 0.0140350877192982
7 0.1265 0.00745614035087719
8 0.1265 0.00921052631578947
9 0.1265 0.00921052631578947
10 0.1265 0.0135964912280702
11 0.1265 0.012719298245614
12 0.1265 0.0118421052631579
13 0.1265 0.0157894736842105
14 0.1265 0.0100877192982456
15 0.1265 0.0118421052631579
16 0.1265 0.0140350877192982
17 0.1265 0.0114035087719298
18 0.1265 0.012280701754386
19 0.1265 0.0100877192982456
20 0.1265 0.00833333333333333
21 0.1265 0.0140350877192982
22 0.1265 0.0153508771929825
23 0.1265 0.00921052631578947
24 0.1265 0.012280701754386
25 0.1265 0.0100877192982456
5 0.1305 0.0105263157894737
6 0.1305 0.0135964912280702
7 0.1305 0.0149122807017544
8 0.1305 0.00833333333333333
9 0.1305 0.0118421052631579
10 0.1305 0.0109649122807018
11 0.1305 0.0114035087719298
12 0.1305 0.0114035087719298
13 0.1305 0.00964912280701754
14 0.1305 0.0144736842105263
15 0.1305 0.0105263157894737
16 0.1305 0.00964912280701754
17 0.1305 0.0166666666666667
18 0.1305 0.0087719298245614
19 0.1305 0.0149122807017544
20 0.1305 0.0144736842105263
21 0.1305 0.0131578947368421
22 0.1305 0.0131578947368421
23 0.1305 0.0131578947368421
24 0.1305 0.0109649122807018
25 0.1305 0.0131578947368421
5 0.1345 0.0087719298245614
6 0.1345 0.00964912280701754
7 0.1345 0.0144736842105263
8 0.1345 0.012280701754386
9 0.1345 0.0162280701754386
10 0.1345 0.0162280701754386
11 0.1345 0.0144736842105263
12 0.1345 0.0109649122807018
13 0.1345 0.0131578947368421
14 0.1345 0.012719298245614
15 0.1345 0.012719298245614
16 0.1345 0.0140350877192982
17 0.1345 0.0118421052631579
18 0.1345 0.0100877192982456
19 0.1345 0.0140350877192982
20 0.1345 0.0153508771929825
21 0.1345 0.0109649122807018
22 0.1345 0.0118421052631579
23 0.1345 0.0131578947368421
24 0.1345 0.00657894736842105
25 0.1345 0.0100877192982456
5 0.1385 0.012280701754386
6 0.1385 0.0144736842105263
7 0.1385 0.0131578947368421
8 0.1385 0.0118421052631579
9 0.1385 0.00789473684210526
10 0.1385 0.012280701754386
11 0.1385 0.0100877192982456
12 0.1385 0.0157894736842105
13 0.1385 0.0109649122807018
14 0.1385 0.0109649122807018
15 0.1385 0.0114035087719298
16 0.1385 0.012280701754386
17 0.1385 0.012280701754386
18 0.1385 0.012280701754386
19 0.1385 0.012719298245614
20 0.1385 0.0118421052631579
21 0.1385 0.00789473684210526
22 0.1385 0.0131578947368421
23 0.1385 0.012280701754386
24 0.1385 0.0157894736842105
25 0.1385 0.0153508771929825
5 0.1425 0.0118421052631579
6 0.1425 0.0135964912280702
7 0.1425 0.012280701754386
8 0.1425 0.0144736842105263
9 0.1425 0.00964912280701754
10 0.1425 0.012280701754386
11 0.1425 0.0149122807017544
12 0.1425 0.012719298245614
13 0.1425 0.012280701754386
14 0.1425 0.0109649122807018
15 0.1425 0.0109649122807018
16 0.1425 0.012280701754386
17 0.1425 0.012280701754386
18 0.1425 0.0149122807017544
19 0.1425 0.0135964912280702
20 0.1425 0.012280701754386
21 0.1425 0.0105263157894737
22 0.1425 0.012719298245614
23 0.1425 0.0118421052631579
24 0.1425 0.0131578947368421
25 0.1425 0.0114035087719298
5 0.1465 0.00964912280701754
6 0.1465 0.00701754385964912
7 0.1465 0.0162280701754386
8 0.1465 0.0149122807017544
9 0.1465 0.00921052631578947
10 0.1465 0.0118421052631579
11 0.1465 0.012719298245614
12 0.1465 0.00701754385964912
13 0.1465 0.0105263157894737
14 0.1465 0.0149122807017544
15 0.1465 0.0109649122807018
16 0.1465 0.00921052631578947
17 0.1465 0.0149122807017544
18 0.1465 0.0114035087719298
19 0.1465 0.012719298245614
20 0.1465 0.0114035087719298
21 0.1465 0.012280701754386
22 0.1465 0.0114035087719298
23 0.1465 0.0149122807017544
24 0.1465 0.0149122807017544
25 0.1465 0.0109649122807018
5 0.1505 0.0131578947368421
6 0.1505 0.0135964912280702
7 0.1505 0.0087719298245614
8 0.1505 0.0153508771929825
9 0.1505 0.0131578947368421
10 0.1505 0.0109649122807018
11 0.1505 0.012280701754386
12 0.1505 0.0105263157894737
13 0.1505 0.00964912280701754
14 0.1505 0.012719298245614
15 0.1505 0.012280701754386
16 0.1505 0.0109649122807018
17 0.1505 0.0131578947368421
18 0.1505 0.0118421052631579
19 0.1505 0.0114035087719298
20 0.1505 0.0118421052631579
21 0.1505 0.0157894736842105
22 0.1505 0.012280701754386
23 0.1505 0.0131578947368421
24 0.1505 0.0105263157894737
25 0.1505 0.00833333333333333
5 0.1545 0.0153508771929825
6 0.1545 0.012719298245614
7 0.1545 0.0109649122807018
8 0.1545 0.0118421052631579
9 0.1545 0.0105263157894737
10 0.1545 0.0118421052631579
11 0.1545 0.0118421052631579
12 0.1545 0.0109649122807018
13 0.1545 0.0100877192982456
14 0.1545 0.012719298245614
15 0.1545 0.0144736842105263
16 0.1545 0.0162280701754386
17 0.1545 0.0140350877192982
18 0.1545 0.0140350877192982
19 0.1545 0.0131578947368421
20 0.1545 0.012280701754386
21 0.1545 0.0144736842105263
22 0.1545 0.0114035087719298
23 0.1545 0.00921052631578947
24 0.1545 0.0162280701754386
25 0.1545 0.0118421052631579
5 0.1585 0.0087719298245614
6 0.1585 0.0087719298245614
7 0.1585 0.0105263157894737
8 0.1585 0.00614035087719298
9 0.1585 0.0114035087719298
10 0.1585 0.012280701754386
11 0.1585 0.0118421052631579
12 0.1585 0.0144736842105263
13 0.1585 0.0105263157894737
14 0.1585 0.0087719298245614
15 0.1585 0.012280701754386
16 0.1585 0.012280701754386
17 0.1585 0.0105263157894737
18 0.1585 0.012719298245614
19 0.1585 0.0140350877192982
20 0.1585 0.00921052631578947
21 0.1585 0.0144736842105263
22 0.1585 0.0144736842105263
23 0.1585 0.0118421052631579
24 0.1585 0.0114035087719298
25 0.1585 0.0109649122807018
5 0.1625 0.0144736842105263
6 0.1625 0.0105263157894737
7 0.1625 0.012280701754386
8 0.1625 0.0105263157894737
9 0.1625 0.0109649122807018
10 0.1625 0.0109649122807018
11 0.1625 0.012719298245614
12 0.1625 0.0149122807017544
13 0.1625 0.0109649122807018
14 0.1625 0.012719298245614
15 0.1625 0.00964912280701754
16 0.1625 0.0105263157894737
17 0.1625 0.012280701754386
18 0.1625 0.0114035087719298
19 0.1625 0.0144736842105263
20 0.1625 0.0131578947368421
21 0.1625 0.00833333333333333
22 0.1625 0.0118421052631579
23 0.1625 0.0135964912280702
24 0.1625 0.0140350877192982
25 0.1625 0.0087719298245614
5 0.1665 0.012280701754386
6 0.1665 0.00921052631578947
7 0.1665 0.0140350877192982
8 0.1665 0.0135964912280702
9 0.1665 0.00789473684210526
10 0.1665 0.0114035087719298
11 0.1665 0.00570175438596491
12 0.1665 0.012280701754386
13 0.1665 0.012719298245614
14 0.1665 0.0162280701754386
15 0.1665 0.0140350877192982
16 0.1665 0.0105263157894737
17 0.1665 0.012719298245614
18 0.1665 0.0149122807017544
19 0.1665 0.0109649122807018
20 0.1665 0.0149122807017544
21 0.1665 0.0144736842105263
22 0.1665 0.0105263157894737
23 0.1665 0.0087719298245614
24 0.1665 0.00921052631578947
25 0.1665 0.0109649122807018
5 0.1705 0.0140350877192982
6 0.1705 0.00614035087719298
7 0.1705 0.00964912280701754
8 0.1705 0.0100877192982456
9 0.1705 0.012280701754386
10 0.1705 0.0109649122807018
11 0.1705 0.0109649122807018
12 0.1705 0.0109649122807018
13 0.1705 0.0131578947368421
14 0.1705 0.0149122807017544
15 0.1705 0.0153508771929825
16 0.1705 0.00921052631578947
17 0.1705 0.00833333333333333
18 0.1705 0.00789473684210526
19 0.1705 0.00833333333333333
20 0.1705 0.0135964912280702
21 0.1705 0.012719298245614
22 0.1705 0.0135964912280702
23 0.1705 0.0109649122807018
24 0.1705 0.0166666666666667
25 0.1705 0.012719298245614
5 0.1745 0.0144736842105263
6 0.1745 0.0109649122807018
7 0.1745 0.0157894736842105
8 0.1745 0.0166666666666667
9 0.1745 0.012719298245614
10 0.1745 0.012280701754386
11 0.1745 0.0171052631578947
12 0.1745 0.0109649122807018
13 0.1745 0.0100877192982456
14 0.1745 0.00921052631578947
15 0.1745 0.0131578947368421
16 0.1745 0.00921052631578947
17 0.1745 0.0157894736842105
18 0.1745 0.00789473684210526
19 0.1745 0.0131578947368421
20 0.1745 0.0135964912280702
21 0.1745 0.012280701754386
22 0.1745 0.0105263157894737
23 0.1745 0.0153508771929825
24 0.1745 0.0140350877192982
25 0.1745 0.0140350877192982
5 0.1785 0.012280701754386
6 0.1785 0.012719298245614
7 0.1785 0.0153508771929825
8 0.1785 0.0118421052631579
9 0.1785 0.00833333333333333
10 0.1785 0.0087719298245614
11 0.1785 0.012280701754386
12 0.1785 0.0118421052631579
13 0.1785 0.0105263157894737
14 0.1785 0.0144736842105263
15 0.1785 0.0118421052631579
16 0.1785 0.0135964912280702
17 0.1785 0.0144736842105263
18 0.1785 0.0087719298245614
19 0.1785 0.0162280701754386
20 0.1785 0.00833333333333333
21 0.1785 0.012719298245614
22 0.1785 0.0144736842105263
23 0.1785 0.00921052631578947
24 0.1785 0.0118421052631579
25 0.1785 0.0118421052631579
5 0.1825 0.012280701754386
6 0.1825 0.0105263157894737
7 0.1825 0.0109649122807018
8 0.1825 0.012280701754386
9 0.1825 0.0105263157894737
10 0.1825 0.0131578947368421
11 0.1825 0.0144736842105263
12 0.1825 0.0118421052631579
13 0.1825 0.0153508771929825
14 0.1825 0.00745614035087719
15 0.1825 0.00964912280701754
16 0.1825 0.012719298245614
17 0.1825 0.0109649122807018
18 0.1825 0.0114035087719298
19 0.1825 0.0131578947368421
20 0.1825 0.0166666666666667
21 0.1825 0.0140350877192982
22 0.1825 0.0114035087719298
23 0.1825 0.0131578947368421
24 0.1825 0.0135964912280702
25 0.1825 0.0144736842105263
5 0.1865 0.0140350877192982
6 0.1865 0.012719298245614
7 0.1865 0.0162280701754386
8 0.1865 0.00614035087719298
9 0.1865 0.00921052631578947
10 0.1865 0.0100877192982456
11 0.1865 0.0144736842105263
12 0.1865 0.012719298245614
13 0.1865 0.0109649122807018
14 0.1865 0.0149122807017544
15 0.1865 0.0166666666666667
16 0.1865 0.0087719298245614
17 0.1865 0.00964912280701754
18 0.1865 0.0144736842105263
19 0.1865 0.00745614035087719
20 0.1865 0.0140350877192982
21 0.1865 0.00789473684210526
22 0.1865 0.0131578947368421
23 0.1865 0.0087719298245614
24 0.1865 0.00964912280701754
25 0.1865 0.0109649122807018
5 0.1905 0.0105263157894737
6 0.1905 0.0131578947368421
7 0.1905 0.00921052631578947
8 0.1905 0.012280701754386
9 0.1905 0.0131578947368421
10 0.1905 0.012280701754386
11 0.1905 0.0149122807017544
12 0.1905 0.012280701754386
13 0.1905 0.0100877192982456
14 0.1905 0.0118421052631579
15 0.1905 0.012719298245614
16 0.1905 0.0109649122807018
17 0.1905 0.0114035087719298
18 0.1905 0.00964912280701754
19 0.1905 0.0114035087719298
20 0.1905 0.012719298245614
21 0.1905 0.0144736842105263
22 0.1905 0.0114035087719298
23 0.1905 0.0114035087719298
24 0.1905 0.0144736842105263
25 0.1905 0.0118421052631579
5 0.1945 0.00964912280701754
6 0.1945 0.0144736842105263
7 0.1945 0.0131578947368421
8 0.1945 0.0105263157894737
9 0.1945 0.00964912280701754
10 0.1945 0.0162280701754386
11 0.1945 0.0100877192982456
12 0.1945 0.00964912280701754
13 0.1945 0.0105263157894737
14 0.1945 0.0144736842105263
15 0.1945 0.0131578947368421
16 0.1945 0.012280701754386
17 0.1945 0.0118421052631579
18 0.1945 0.0109649122807018
19 0.1945 0.0109649122807018
20 0.1945 0.00833333333333333
21 0.1945 0.0100877192982456
22 0.1945 0.0114035087719298
23 0.1945 0.0118421052631579
24 0.1945 0.00964912280701754
25 0.1945 0.0109649122807018
5 0.1985 0.0135964912280702
6 0.1985 0.0118421052631579
7 0.1985 0.00833333333333333
8 0.1985 0.0135964912280702
9 0.1985 0.012719298245614
10 0.1985 0.0100877192982456
11 0.1985 0.0100877192982456
12 0.1985 0.0109649122807018
13 0.1985 0.0114035087719298
14 0.1985 0.0105263157894737
15 0.1985 0.00921052631578947
16 0.1985 0.0118421052631579
17 0.1985 0.0100877192982456
18 0.1985 0.0118421052631579
19 0.1985 0.0135964912280702
20 0.1985 0.0131578947368421
21 0.1985 0.0144736842105263
22 0.1985 0.00964912280701754
23 0.1985 0.0118421052631579
24 0.1985 0.00964912280701754
25 0.1985 0.00921052631578947
5 0.2025 0.0109649122807018
6 0.2025 0.0109649122807018
7 0.2025 0.00833333333333333
8 0.2025 0.012280701754386
9 0.2025 0.012280701754386
10 0.2025 0.0157894736842105
11 0.2025 0.0140350877192982
12 0.2025 0.0131578947368421
13 0.2025 0.0131578947368421
14 0.2025 0.0087719298245614
15 0.2025 0.012280701754386
16 0.2025 0.00657894736842105
17 0.2025 0.0140350877192982
18 0.2025 0.00964912280701754
19 0.2025 0.0118421052631579
20 0.2025 0.00921052631578947
21 0.2025 0.00921052631578947
22 0.2025 0.0100877192982456
23 0.2025 0.012280701754386
24 0.2025 0.0100877192982456
25 0.2025 0.012719298245614
5 0.2065 0.0100877192982456
6 0.2065 0.012719298245614
7 0.2065 0.0140350877192982
8 0.2065 0.0109649122807018
9 0.2065 0.0109649122807018
10 0.2065 0.0087719298245614
11 0.2065 0.0114035087719298
12 0.2065 0.0114035087719298
13 0.2065 0.0131578947368421
14 0.2065 0.0144736842105263
15 0.2065 0.0144736842105263
16 0.2065 0.0140350877192982
17 0.2065 0.0109649122807018
18 0.2065 0.0135964912280702
19 0.2065 0.00964912280701754
20 0.2065 0.0087719298245614
21 0.2065 0.0162280701754386
22 0.2065 0.0118421052631579
23 0.2065 0.0114035087719298
24 0.2065 0.0131578947368421
25 0.2065 0.0105263157894737
5 0.2105 0.0135964912280702
6 0.2105 0.0105263157894737
7 0.2105 0.0114035087719298
8 0.2105 0.00789473684210526
9 0.2105 0.00921052631578947
10 0.2105 0.0135964912280702
11 0.2105 0.0131578947368421
12 0.2105 0.0144736842105263
13 0.2105 0.0118421052631579
14 0.2105 0.0144736842105263
15 0.2105 0.00921052631578947
16 0.2105 0.0162280701754386
17 0.2105 0.0140350877192982
18 0.2105 0.0087719298245614
19 0.2105 0.0140350877192982
20 0.2105 0.00745614035087719
21 0.2105 0.0118421052631579
22 0.2105 0.0109649122807018
23 0.2105 0.00789473684210526
24 0.2105 0.0171052631578947
25 0.2105 0.00833333333333333
5 0.2145 0.012719298245614
6 0.2145 0.0140350877192982
7 0.2145 0.00964912280701754
8 0.2145 0.0105263157894737
9 0.2145 0.0131578947368421
10 0.2145 0.0118421052631579
11 0.2145 0.0162280701754386
12 0.2145 0.012719298245614
13 0.2145 0.0109649122807018
14 0.2145 0.00921052631578947
15 0.2145 0.0105263157894737
16 0.2145 0.0131578947368421
17 0.2145 0.0118421052631579
18 0.2145 0.012719298245614
19 0.2145 0.0109649122807018
20 0.2145 0.0100877192982456
21 0.2145 0.0087719298245614
22 0.2145 0.0157894736842105
23 0.2145 0.00921052631578947
24 0.2145 0.00964912280701754
25 0.2145 0.0100877192982456
5 0.2185 0.012719298245614
6 0.2185 0.0144736842105263
7 0.2185 0.012719298245614
8 0.2185 0.0144736842105263
9 0.2185 0.0087719298245614
10 0.2185 0.012719298245614
11 0.2185 0.0118421052631579
12 0.2185 0.012280701754386
13 0.2185 0.0140350877192982
14 0.2185 0.012719298245614
15 0.2185 0.0105263157894737
16 0.2185 0.00921052631578947
17 0.2185 0.0114035087719298
18 0.2185 0.012280701754386
19 0.2185 0.0149122807017544
20 0.2185 0.0153508771929825
21 0.2185 0.012280701754386
22 0.2185 0.0118421052631579
23 0.2185 0.0114035087719298
24 0.2185 0.0100877192982456
25 0.2185 0.0131578947368421
5 0.2225 0.0109649122807018
6 0.2225 0.012280701754386
7 0.2225 0.0105263157894737
8 0.2225 0.012280701754386
9 0.2225 0.0109649122807018
10 0.2225 0.0131578947368421
11 0.2225 0.00789473684210526
12 0.2225 0.00964912280701754
13 0.2225 0.0100877192982456
14 0.2225 0.0144736842105263
15 0.2225 0.00964912280701754
16 0.2225 0.0118421052631579
17 0.2225 0.0105263157894737
18 0.2225 0.0144736842105263
19 0.2225 0.0100877192982456
20 0.2225 0.0109649122807018
21 0.2225 0.012719298245614
22 0.2225 0.00701754385964912
23 0.2225 0.0105263157894737
24 0.2225 0.0114035087719298
25 0.2225 0.0109649122807018
5 0.2265 0.0166666666666667
6 0.2265 0.0131578947368421
7 0.2265 0.00701754385964912
8 0.2265 0.0109649122807018
9 0.2265 0.0131578947368421
10 0.2265 0.0109649122807018
11 0.2265 0.0144736842105263
12 0.2265 0.0118421052631579
13 0.2265 0.0109649122807018
14 0.2265 0.012719298245614
15 0.2265 0.0105263157894737
16 0.2265 0.0100877192982456
17 0.2265 0.0105263157894737
18 0.2265 0.0114035087719298
19 0.2265 0.0109649122807018
20 0.2265 0.00745614035087719
21 0.2265 0.0162280701754386
22 0.2265 0.0105263157894737
23 0.2265 0.0135964912280702
24 0.2265 0.0144736842105263
25 0.2265 0.0135964912280702
5 0.2305 0.0118421052631579
6 0.2305 0.012719298245614
7 0.2305 0.00526315789473684
8 0.2305 0.00614035087719298
9 0.2305 0.0140350877192982
10 0.2305 0.0131578947368421
11 0.2305 0.00964912280701754
12 0.2305 0.0118421052631579
13 0.2305 0.0135964912280702
14 0.2305 0.0105263157894737
15 0.2305 0.0109649122807018
16 0.2305 0.012719298245614
17 0.2305 0.0131578947368421
18 0.2305 0.012280701754386
19 0.2305 0.0105263157894737
20 0.2305 0.00657894736842105
21 0.2305 0.00745614035087719
22 0.2305 0.012719298245614
23 0.2305 0.0109649122807018
24 0.2305 0.0118421052631579
25 0.2305 0.0114035087719298
5 0.2345 0.0118421052631579
6 0.2345 0.0087719298245614
7 0.2345 0.0140350877192982
8 0.2345 0.00921052631578947
9 0.2345 0.0131578947368421
10 0.2345 0.0109649122807018
11 0.2345 0.012719298245614
12 0.2345 0.012719298245614
13 0.2345 0.0140350877192982
14 0.2345 0.0105263157894737
15 0.2345 0.0140350877192982
16 0.2345 0.0105263157894737
17 0.2345 0.0109649122807018
18 0.2345 0.0149122807017544
19 0.2345 0.0105263157894737
20 0.2345 0.00964912280701754
21 0.2345 0.0087719298245614
22 0.2345 0.0149122807017544
23 0.2345 0.0135964912280702
24 0.2345 0.0131578947368421
25 0.2345 0.0140350877192982
5 0.2385 0.012719298245614
6 0.2385 0.00964912280701754
7 0.2385 0.0118421052631579
8 0.2385 0.0087719298245614
9 0.2385 0.0144736842105263
10 0.2385 0.012719298245614
11 0.2385 0.0100877192982456
12 0.2385 0.012280701754386
13 0.2385 0.0114035087719298
14 0.2385 0.0100877192982456
15 0.2385 0.0140350877192982
16 0.2385 0.012719298245614
17 0.2385 0.012280701754386
18 0.2385 0.0140350877192982
19 0.2385 0.0153508771929825
20 0.2385 0.0135964912280702
21 0.2385 0.0100877192982456
22 0.2385 0.0109649122807018
23 0.2385 0.00789473684210526
24 0.2385 0.0157894736842105
25 0.2385 0.0131578947368421
5 0.2425 0.0135964912280702
6 0.2425 0.00964912280701754
7 0.2425 0.0144736842105263
8 0.2425 0.0100877192982456
9 0.2425 0.012280701754386
10 0.2425 0.0144736842105263
11 0.2425 0.0118421052631579
12 0.2425 0.0114035087719298
13 0.2425 0.0171052631578947
14 0.2425 0.0114035087719298
15 0.2425 0.00701754385964912
16 0.2425 0.0144736842105263
17 0.2425 0.0149122807017544
18 0.2425 0.0140350877192982
19 0.2425 0.012719298245614
20 0.2425 0.0135964912280702
21 0.2425 0.00964912280701754
22 0.2425 0.00745614035087719
23 0.2425 0.012280701754386
24 0.2425 0.0118421052631579
25 0.2425 0.0140350877192982
5 0.2465 0.0118421052631579
6 0.2465 0.012719298245614
7 0.2465 0.00570175438596491
8 0.2465 0.0153508771929825
9 0.2465 0.0140350877192982
10 0.2465 0.0105263157894737
11 0.2465 0.0087719298245614
12 0.2465 0.012280701754386
13 0.2465 0.0135964912280702
14 0.2465 0.0114035087719298
15 0.2465 0.00964912280701754
16 0.2465 0.0140350877192982
17 0.2465 0.0105263157894737
18 0.2465 0.0105263157894737
19 0.2465 0.012719298245614
20 0.2465 0.0144736842105263
21 0.2465 0.0118421052631579
22 0.2465 0.012719298245614
23 0.2465 0.012719298245614
24 0.2465 0.00745614035087719
25 0.2465 0.012280701754386
