5 0.0025 0.0912280701754386
6 0.0025 0.108771929824561
7 0.0025 0.0947368421052632
8 0.0025 0.0982456140350877
9 0.0025 0.0596491228070175
10 0.0025 0.108771929824561
11 0.0025 0.129824561403509
12 0.0025 0.0947368421052632
13 0.0025 0.0982456140350877
14 0.0025 0.119298245614035
15 0.0025 0.087719298245614
5 0.0065 0.119298245614035
6 0.0065 0.112280701754386
7 0.0065 0.12280701754386
8 0.0065 0.0771929824561404
9 0.0065 0.0736842105263158
10 0.0065 0.0982456140350877
11 0.0065 0.105263157894737
12 0.0065 0.0842105263157895
13 0.0065 0.0982456140350877
14 0.0065 0.108771929824561
15 0.0065 0.0912280701754386
5 0.0105 0.0912280701754386
6 0.0105 0.105263157894737
7 0.0105 0.105263157894737
8 0.0105 0.115789473684211
9 0.0105 0.0947368421052632
10 0.0105 0.115789473684211
11 0.0105 0.0842105263157895
12 0.0105 0.119298245614035
13 0.0105 0.0736842105263158
14 0.0105 0.0947368421052632
15 0.0105 0.126315789473684
5 0.0145 0.105263157894737
6 0.0145 0.0947368421052632
7 0.0145 0.129824561403509
8 0.0145 0.12280701754386
9 0.0145 0.0982456140350877
10 0.0145 0.119298245614035
11 0.0145 0.0912280701754386
12 0.0145 0.119298245614035
13 0.0145 0.0982456140350877
14 0.0145 0.105263157894737
15 0.0145 0.112280701754386
5 0.0185 0.108771929824561
6 0.0185 0.101754385964912
7 0.0185 0.0842105263157895
8 0.0185 0.112280701754386
9 0.0185 0.087719298245614
10 0.0185 0.101754385964912
11 0.0185 0.0912280701754386
12 0.0185 0.0807017543859649
13 0.0185 0.087719298245614
14 0.0185 0.0807017543859649
15 0.0185 0.12280701754386
5 0.0225 0.0982456140350877
6 0.0225 0.112280701754386
7 0.0225 0.112280701754386
8 0.0225 0.112280701754386
9 0.0225 0.0982456140350877
10 0.0225 0.129824561403509
11 0.0225 0.12280701754386
12 0.0225 0.0982456140350877
13 0.0225 0.087719298245614
14 0.0225 0.0982456140350877
15 0.0225 0.087719298245614
5 0.0265 0.0982456140350877
6 0.0265 0.115789473684211
7 0.0265 0.0982456140350877
8 0.0265 0.108771929824561
9 0.0265 0.12280701754386
10 0.0265 0.0982456140350877
11 0.0265 0.115789473684211
12 0.0265 0.12280701754386
13 0.0265 0.0982456140350877
14 0.0265 0.115789473684211
15 0.0265 0.112280701754386
5 0.0305 0.0912280701754386
6 0.0305 0.0842105263157895
7 0.0305 0.12280701754386
8 0.0305 0.105263157894737
9 0.0305 0.112280701754386
10 0.0305 0.0807017543859649
11 0.0305 0.0807017543859649
12 0.0305 0.0912280701754386
13 0.0305 0.0982456140350877
14 0.0305 0.0947368421052632
15 0.0305 0.0947368421052632
5 0.0345 0.105263157894737
6 0.0345 0.12280701754386
7 0.0345 0.0596491228070175
8 0.0345 0.108771929824561
9 0.0345 0.136842105263158
10 0.0345 0.0947368421052632
11 0.0345 0.108771929824561
12 0.0345 0.0842105263157895
13 0.0345 0.0736842105263158
14 0.0345 0.101754385964912
15 0.0345 0.0701754385964912
5 0.0385 0.119298245614035
6 0.0385 0.087719298245614
7 0.0385 0.129824561403509
8 0.0385 0.0701754385964912
9 0.0385 0.101754385964912
10 0.0385 0.12280701754386
11 0.0385 0.112280701754386
12 0.0385 0.0807017543859649
13 0.0385 0.105263157894737
14 0.0385 0.108771929824561
15 0.0385 0.0982456140350877
5 0.0425 0.0807017543859649
6 0.0425 0.0912280701754386
7 0.0425 0.0947368421052632
8 0.0425 0.0807017543859649
9 0.0425 0.0947368421052632
10 0.0425 0.115789473684211
11 0.0425 0.108771929824561
12 0.0425 0.105263157894737
13 0.0425 0.087719298245614
14 0.0425 0.101754385964912
15 0.0425 0.0842105263157895
5 0.0465 0.108771929824561
6 0.0465 0.12280701754386
7 0.0465 0.115789473684211
8 0.0465 0.0912280701754386
9 0.0465 0.0982456140350877
10 0.0465 0.112280701754386
11 0.0465 0.0912280701754386
12 0.0465 0.087719298245614
13 0.0465 0.105263157894737
14 0.0465 0.105263157894737
15 0.0465 0.0947368421052632
5 0.0505 0.0912280701754386
6 0.0505 0.0912280701754386
7 0.0505 0.0947368421052632
8 0.0505 0.101754385964912
9 0.0505 0.0771929824561404
10 0.0505 0.108771929824561
11 0.0505 0.0842105263157895
12 0.0505 0.0736842105263158
13 0.0505 0.119298245614035
14 0.0505 0.0947368421052632
15 0.0505 0.108771929824561
5 0.0545 0.0912280701754386
6 0.0545 0.0842105263157895
7 0.0545 0.0947368421052632
8 0.0545 0.0771929824561404
9 0.0545 0.0666666666666667
10 0.0545 0.101754385964912
11 0.0545 0.101754385964912
12 0.0545 0.105263157894737
13 0.0545 0.0912280701754386
14 0.0545 0.112280701754386
15 0.0545 0.0912280701754386
5 0.0585 0.0982456140350877
6 0.0585 0.126315789473684
7 0.0585 0.0736842105263158
8 0.0585 0.0807017543859649
9 0.0585 0.0842105263157895
10 0.0585 0.101754385964912
11 0.0585 0.119298245614035
12 0.0585 0.101754385964912
13 0.0585 0.119298245614035
14 0.0585 0.101754385964912
15 0.0585 0.0982456140350877
5 0.0625 0.0912280701754386
6 0.0625 0.101754385964912
7 0.0625 0.0982456140350877
8 0.0625 0.108771929824561
9 0.0625 0.133333333333333
10 0.0625 0.108771929824561
11 0.0625 0.112280701754386
12 0.0625 0.115789473684211
13 0.0625 0.0701754385964912
14 0.0625 0.108771929824561
15 0.0625 0.0912280701754386
5 0.0665 0.119298245614035
6 0.0665 0.0947368421052632
7 0.0665 0.0842105263157895
8 0.0665 0.105263157894737
9 0.0665 0.108771929824561
10 0.0665 0.0947368421052632
11 0.0665 0.105263157894737
12 0.0665 0.0701754385964912
13 0.0665 0.115789473684211
14 0.0665 0.108771929824561
15 0.0665 0.0771929824561404
5 0.0705 0.0807017543859649
6 0.0705 0.0736842105263158
7 0.0705 0.112280701754386
8 0.0705 0.0982456140350877
9 0.0705 0.105263157894737
10 0.0705 0.105263157894737
11 0.0705 0.101754385964912
12 0.0705 0.12280701754386
13 0.0705 0.0771929824561404
14 0.0705 0.105263157894737
15 0.0705 0.0947368421052632
5 0.0745 0.0912280701754386
6 0.0745 0.12280701754386
7 0.0745 0.126315789473684
8 0.0745 0.115789473684211
9 0.0745 0.0947368421052632
10 0.0745 0.087719298245614
11 0.0745 0.12280701754386
12 0.0745 0.105263157894737
13 0.0745 0.0982456140350877
14 0.0745 0.0982456140350877
15 0.0745 0.108771929824561
5 0.0785 0.108771929824561
6 0.0785 0.108771929824561
7 0.0785 0.087719298245614
8 0.0785 0.105263157894737
9 0.0785 0.087719298245614
10 0.0785 0.0912280701754386
11 0.0785 0.101754385964912
12 0.0785 0.119298245614035
13 0.0785 0.087719298245614
14 0.0785 0.0982456140350877
15 0.0785 0.087719298245614
5 0.0825 0.12280701754386
6 0.0825 0.0736842105263158
7 0.0825 0.0771929824561404
8 0.0825 0.115789473684211
9 0.0825 0.12280701754386
10 0.0825 0.0771929824561404
11 0.0825 0.087719298245614
12 0.0825 0.0912280701754386
13 0.0825 0.0982456140350877
14 0.0825 0.115789473684211
15 0.0825 0.0807017543859649
5 0.0865 0.119298245614035
6 0.0865 0.0807017543859649
7 0.0865 0.0771929824561404
8 0.0865 0.087719298245614
9 0.0865 0.0912280701754386
10 0.0865 0.105263157894737
11 0.0865 0.105263157894737
12 0.0865 0.108771929824561
13 0.0865 0.108771929824561
14 0.0865 0.0807017543859649
15 0.0865 0.0947368421052632
5 0.0905000000000001 0.0947368421052632
6 0.0905000000000001 0.115789473684211
7 0.0905000000000001 0.112280701754386
8 0.0905000000000001 0.101754385964912
9 0.0905000000000001 0.119298245614035
10 0.0905000000000001 0.112280701754386
11 0.0905000000000001 0.0912280701754386
12 0.0905000000000001 0.0912280701754386
13 0.0905000000000001 0.0807017543859649
14 0.0905000000000001 0.0912280701754386
15 0.0905000000000001 0.112280701754386
5 0.0945000000000001 0.119298245614035
6 0.0945000000000001 0.0982456140350877
7 0.0945000000000001 0.0982456140350877
8 0.0945000000000001 0.129824561403509
9 0.0945000000000001 0.0807017543859649
10 0.0945000000000001 0.0842105263157895
11 0.0945000000000001 0.112280701754386
12 0.0945000000000001 0.101754385964912
13 0.0945000000000001 0.119298245614035
14 0.0945000000000001 0.0771929824561404
15 0.0945000000000001 0.0982456140350877
5 0.0985000000000001 0.105263157894737
6 0.0985000000000001 0.108771929824561
7 0.0985000000000001 0.112280701754386
8 0.0985000000000001 0.133333333333333
9 0.0985000000000001 0.0947368421052632
10 0.0985000000000001 0.0982456140350877
11 0.0985000000000001 0.0947368421052632
12 0.0985000000000001 0.108771929824561
13 0.0985000000000001 0.0807017543859649
14 0.0985000000000001 0.0842105263157895
15 0.0985000000000001 0.0771929824561404
5 0.1025 0.119298245614035
6 0.1025 0.0912280701754386
7 0.1025 0.143859649122807
8 0.1025 0.0631578947368421
9 0.1025 0.0982456140350877
10 0.1025 0.0771929824561404
11 0.1025 0.0947368421052632
12 0.1025 0.105263157894737
13 0.1025 0.0912280701754386
14 0.1025 0.0842105263157895
15 0.1025 0.0771929824561404
5 0.1065 0.056140350877193
6 0.1065 0.101754385964912
7 0.1065 0.0842105263157895
8 0.1065 0.0807017543859649
9 0.1065 0.0947368421052632
10 0.1065 0.0947368421052632
11 0.1065 0.0842105263157895
12 0.1065 0.087719298245614
13 0.1065 0.0912280701754386
14 0.1065 0.0982456140350877
15 0.1065 0.105263157894737
5 0.1105 0.112280701754386
6 0.1105 0.0982456140350877
7 0.1105 0.0701754385964912
8 0.1105 0.115789473684211
9 0.1105 0.105263157894737
10 0.1105 0.0842105263157895
11 0.1105 0.0912280701754386
12 0.1105 0.0912280701754386
13 0.1105 0.087719298245614
14 0.1105 0.0982456140350877
15 0.1105 0.087719298245614
5 0.1145 0.133333333333333
6 0.1145 0.0947368421052632
7 0.1145 0.0666666666666667
8 0.1145 0.115789473684211
9 0.1145 0.12280701754386
10 0.1145 0.0912280701754386
11 0.1145 0.087719298245614
12 0.1145 0.129824561403509
13 0.1145 0.0736842105263158
14 0.1145 0.087719298245614
15 0.1145 0.0912280701754386
5 0.1185 0.12280701754386
6 0.1185 0.115789473684211
7 0.1185 0.115789473684211
8 0.1185 0.0982456140350877
9 0.1185 0.12280701754386
10 0.1185 0.108771929824561
11 0.1185 0.136842105263158
12 0.1185 0.105263157894737
13 0.1185 0.108771929824561
14 0.1185 0.087719298245614
15 0.1185 0.0982456140350877
5 0.1225 0.0807017543859649
6 0.1225 0.133333333333333
7 0.1225 0.105263157894737
8 0.1225 0.0982456140350877
9 0.1225 0.108771929824561
10 0.1225 0.0842105263157895
11 0.1225 0.0947368421052632
12 0.1225 0.056140350877193
13 0.1225 0.0982456140350877
14 0.1225 0.101754385964912
15 0.1225 0.126315789473684
5 0.1265 0.0912280701754386
6 0.1265 0.101754385964912
7 0.1265 0.0912280701754386
8 0.1265 0.115789473684211
9 0.1265 0.101754385964912
10 0.1265 0.129824561403509
11 0.1265 0.12280701754386
12 0.1265 0.087719298245614
13 0.1265 0.0736842105263158
14 0.1265 0.0842105263157895
15 0.1265 0.101754385964912
5 0.1305 0.115789473684211
6 0.1305 0.0912280701754386
7 0.1305 0.105263157894737
8 0.1305 0.115789473684211
9 0.1305 0.0771929824561404
10 0.1305 0.0771929824561404
11 0.1305 0.0982456140350877
12 0.1305 0.0807017543859649
13 0.1305 0.101754385964912
14 0.1305 0.112280701754386
15 0.1305 0.119298245614035
5 0.1345 0.0947368421052632
6 0.1345 0.105263157894737
7 0.1345 0.0912280701754386
8 0.1345 0.0807017543859649
9 0.1345 0.0807017543859649
10 0.1345 0.0912280701754386
11 0.1345 0.129824561403509
12 0.1345 0.115789473684211
13 0.1345 0.0982456140350877
14 0.1345 0.105263157894737
15 0.1345 0.0912280701754386
5 0.1385 0.0631578947368421
6 0.1385 0.0456140350877193
7 0.1385 0.0807017543859649
8 0.1385 0.115789473684211
9 0.1385 0.0947368421052632
10 0.1385 0.0807017543859649
11 0.1385 0.087719298245614
12 0.1385 0.0631578947368421
13 0.1385 0.119298245614035
14 0.1385 0.0736842105263158
15 0.1385 0.0736842105263158
5 0.1425 0.136842105263158
6 0.1425 0.0947368421052632
7 0.1425 0.087719298245614
8 0.1425 0.0982456140350877
9 0.1425 0.105263157894737
10 0.1425 0.101754385964912
11 0.1425 0.0666666666666667
12 0.1425 0.0912280701754386
13 0.1425 0.0701754385964912
14 0.1425 0.108771929824561
15 0.1425 0.0771929824561404
5 0.1465 0.133333333333333
6 0.1465 0.0947368421052632
7 0.1465 0.105263157894737
8 0.1465 0.0771929824561404
9 0.1465 0.0736842105263158
10 0.1465 0.101754385964912
11 0.1465 0.119298245614035
12 0.1465 0.108771929824561
13 0.1465 0.0807017543859649
14 0.1465 0.0807017543859649
15 0.1465 0.0421052631578947
5 0.1505 0.0736842105263158
6 0.1505 0.105263157894737
7 0.1505 0.119298245614035
8 0.1505 0.112280701754386
9 0.1505 0.0771929824561404
10 0.1505 0.0912280701754386
11 0.1505 0.112280701754386
12 0.1505 0.105263157894737
13 0.1505 0.108771929824561
14 0.1505 0.129824561403509
15 0.1505 0.0807017543859649
5 0.1545 0.119298245614035
6 0.1545 0.0666666666666667
7 0.1545 0.0842105263157895
8 0.1545 0.0912280701754386
9 0.1545 0.0771929824561404
10 0.1545 0.105263157894737
11 0.1545 0.108771929824561
12 0.1545 0.0947368421052632
13 0.1545 0.087719298245614
14 0.1545 0.140350877192982
5 0.0025 0.101754385964912
6 0.0025 0.0807017543859649
7 0.0025 0.112280701754386
8 0.0025 0.112280701754386
9 0.0025 0.101754385964912
10 0.0025 0.0736842105263158
11 0.0025 0.108771929824561
12 0.0025 0.115789473684211
13 0.0025 0.0982456140350877
14 0.0025 0.0807017543859649
15 0.0025 0.12280701754386
16 0.0025 0.0842105263157895
17 0.0025 0.126315789473684
18 0.0025 0.0947368421052632
19 0.0025 0.0982456140350877
20 0.0025 0.0912280701754386
21 0.0025 0.087719298245614
22 0.0025 0.0842105263157895
23 0.0025 0.126315789473684
24 0.0025 0.115789473684211
25 0.0025 0.108771929824561
5 0.0065 0.101754385964912
6 0.0065 0.133333333333333
7 0.0065 0.112280701754386
8 0.0065 0.0947368421052632
9 0.0065 0.101754385964912
10 0.0065 0.101754385964912
11 0.0065 0.0912280701754386
12 0.0065 0.0631578947368421
13 0.0065 0.112280701754386
14 0.0065 0.087719298245614
15 0.0065 0.0982456140350877
16 0.0065 0.129824561403509
17 0.0065 0.105263157894737
18 0.0065 0.105263157894737
19 0.0065 0.0807017543859649
20 0.0065 0.0631578947368421
21 0.0065 0.0982456140350877
22 0.0065 0.112280701754386
23 0.0065 0.0982456140350877
24 0.0065 0.0842105263157895
25 0.0065 0.0842105263157895
5 0.0105 0.0982456140350877
6 0.0105 0.0807017543859649
7 0.0105 0.129824561403509
8 0.0105 0.101754385964912
9 0.0105 0.0982456140350877
10 0.0105 0.115789473684211
11 0.0105 0.105263157894737
12 0.0105 0.0912280701754386
13 0.0105 0.119298245614035
14 0.0105 0.115789473684211
15 0.0105 0.112280701754386
16 0.0105 0.0947368421052632
17 0.0105 0.101754385964912
18 0.0105 0.115789473684211
19 0.0105 0.0982456140350877
20 0.0105 0.112280701754386
21 0.0105 0.119298245614035
22 0.0105 0.0982456140350877
23 0.0105 0.12280701754386
24 0.0105 0.126315789473684
25 0.0105 0.126315789473684
5 0.0145 0.0982456140350877
6 0.0145 0.115789473684211
7 0.0145 0.087719298245614
8 0.0145 0.0982456140350877
9 0.0145 0.087719298245614
10 0.0145 0.12280701754386
11 0.0145 0.087719298245614
12 0.0145 0.12280701754386
13 0.0145 0.119298245614035
14 0.0145 0.101754385964912
15 0.0145 0.087719298245614
16 0.0145 0.0947368421052632
17 0.0145 0.105263157894737
18 0.0145 0.0912280701754386
19 0.0145 0.105263157894737
20 0.0145 0.0947368421052632
21 0.0145 0.0842105263157895
22 0.0145 0.133333333333333
23 0.0145 0.140350877192982
24 0.0145 0.101754385964912
25 0.0145 0.0912280701754386
5 0.0185 0.0947368421052632
6 0.0185 0.0982456140350877
7 0.0185 0.0947368421052632
8 0.0185 0.112280701754386
9 0.0185 0.0912280701754386
10 0.0185 0.119298245614035
11 0.0185 0.0807017543859649
12 0.0185 0.105263157894737
13 0.0185 0.0982456140350877
14 0.0185 0.101754385964912
15 0.0185 0.108771929824561
16 0.0185 0.087719298245614
17 0.0185 0.105263157894737
18 0.0185 0.0596491228070175
19 0.0185 0.0912280701754386
20 0.0185 0.087719298245614
21 0.0185 0.0771929824561404
22 0.0185 0.147368421052632
23 0.0185 0.105263157894737
24 0.0185 0.087719298245614
25 0.0185 0.0947368421052632
5 0.0225 0.0771929824561404
6 0.0225 0.0842105263157895
7 0.0225 0.0807017543859649
8 0.0225 0.108771929824561
9 0.0225 0.0807017543859649
10 0.0225 0.087719298245614
11 0.0225 0.115789473684211
12 0.0225 0.105263157894737
13 0.0225 0.0947368421052632
14 0.0225 0.101754385964912
15 0.0225 0.115789473684211
16 0.0225 0.105263157894737
17 0.0225 0.101754385964912
18 0.0225 0.101754385964912
19 0.0225 0.101754385964912
20 0.0225 0.0631578947368421
21 0.0225 0.108771929824561
22 0.0225 0.133333333333333
23 0.0225 0.0842105263157895
24 0.0225 0.129824561403509
25 0.0225 0.0912280701754386
5 0.0265 0.0771929824561404
6 0.0265 0.0842105263157895
7 0.0265 0.0842105263157895
8 0.0265 0.108771929824561
9 0.0265 0.087719298245614
10 0.0265 0.108771929824561
11 0.0265 0.0842105263157895
12 0.0265 0.12280701754386
13 0.0265 0.0982456140350877
14 0.0265 0.112280701754386
15 0.0265 0.0982456140350877
16 0.0265 0.12280701754386
17 0.0265 0.119298245614035
18 0.0265 0.119298245614035
19 0.0265 0.0947368421052632
20 0.0265 0.119298245614035
21 0.0265 0.0982456140350877
22 0.0265 0.105263157894737
23 0.0265 0.112280701754386
24 0.0265 0.108771929824561
25 0.0265 0.0771929824561404
5 0.0305 0.115789473684211
6 0.0305 0.0842105263157895
7 0.0305 0.087719298245614
8 0.0305 0.115789473684211
9 0.0305 0.0912280701754386
10 0.0305 0.105263157894737
11 0.0305 0.0807017543859649
12 0.0305 0.12280701754386
13 0.0305 0.087719298245614
14 0.0305 0.0596491228070175
15 0.0305 0.133333333333333
16 0.0305 0.115789473684211
17 0.0305 0.112280701754386
18 0.0305 0.105263157894737
19 0.0305 0.119298245614035
20 0.0305 0.0982456140350877
21 0.0305 0.0842105263157895
22 0.0305 0.101754385964912
23 0.0305 0.119298245614035
24 0.0305 0.0736842105263158
25 0.0305 0.112280701754386
5 0.0345 0.105263157894737
6 0.0345 0.12280701754386
7 0.0345 0.0807017543859649
8 0.0345 0.0666666666666667
9 0.0345 0.112280701754386
10 0.0345 0.087719298245614
11 0.0345 0.0947368421052632
12 0.0345 0.0982456140350877
13 0.0345 0.0982456140350877
14 0.0345 0.12280701754386
15 0.0345 0.112280701754386
16 0.0345 0.0947368421052632
17 0.0345 0.087719298245614
18 0.0345 0.105263157894737
19 0.0345 0.0842105263157895
20 0.0345 0.0771929824561404
21 0.0345 0.087719298245614
22 0.0345 0.0842105263157895
23 0.0345 0.0771929824561404
24 0.0345 0.087719298245614
25 0.0345 0.108771929824561
5 0.0385 0.0842105263157895
6 0.0385 0.129824561403509
7 0.0385 0.0982456140350877
8 0.0385 0.0982456140350877
9 0.0385 0.0982456140350877
10 0.0385 0.115789473684211
11 0.0385 0.087719298245614
12 0.0385 0.112280701754386
13 0.0385 0.101754385964912
14 0.0385 0.0912280701754386
15 0.0385 0.108771929824561
16 0.0385 0.119298245614035
17 0.0385 0.0982456140350877
18 0.0385 0.119298245614035
19 0.0385 0.087719298245614
20 0.0385 0.112280701754386
21 0.0385 0.101754385964912
22 0.0385 0.101754385964912
23 0.0385 0.108771929824561
24 0.0385 0.0807017543859649
25 0.0385 0.0736842105263158
5 0.0425 0.0982456140350877
6 0.0425 0.087719298245614
7 0.0425 0.140350877192982
8 0.0425 0.0842105263157895
9 0.0425 0.126315789473684
10 0.0425 0.0912280701754386
11 0.0425 0.0736842105263158
12 0.0425 0.0947368421052632
13 0.0425 0.105263157894737
14 0.0425 0.108771929824561
15 0.0425 0.140350877192982
16 0.0425 0.0807017543859649
17 0.0425 0.0912280701754386
18 0.0425 0.115789473684211
19 0.0425 0.0982456140350877
20 0.0425 0.0947368421052632
21 0.0425 0.108771929824561
22 0.0425 0.119298245614035
23 0.0425 0.112280701754386
24 0.0425 0.119298245614035
25 0.0425 0.0982456140350877
5 0.0465 0.105263157894737
6 0.0465 0.0982456140350877
7 0.0465 0.101754385964912
8 0.0465 0.108771929824561
9 0.0465 0.0982456140350877
10 0.0465 0.108771929824561
11 0.0465 0.0982456140350877
12 0.0465 0.087719298245614
13 0.0465 0.0701754385964912
14 0.0465 0.101754385964912
15 0.0465 0.0736842105263158
16 0.0465 0.112280701754386
17 0.0465 0.108771929824561
18 0.0465 0.087719298245614
19 0.0465 0.105263157894737
20 0.0465 0.0982456140350877
21 0.0465 0.0947368421052632
22 0.0465 0.112280701754386
23 0.0465 0.126315789473684
24 0.0465 0.129824561403509
25 0.0465 0.0912280701754386
5 0.0505 0.105263157894737
6 0.0505 0.143859649122807
7 0.0505 0.101754385964912
8 0.0505 0.119298245614035
9 0.0505 0.0842105263157895
10 0.0505 0.0982456140350877
11 0.0505 0.101754385964912
12 0.0505 0.105263157894737
13 0.0505 0.0842105263157895
14 0.0505 0.105263157894737
15 0.0505 0.087719298245614
16 0.0505 0.0982456140350877
17 0.0505 0.087719298245614
18 0.0505 0.0982456140350877
19 0.0505 0.0912280701754386
20 0.0505 0.0736842105263158
21 0.0505 0.133333333333333
22 0.0505 0.119298245614035
23 0.0505 0.12280701754386
24 0.0505 0.133333333333333
25 0.0505 0.112280701754386
5 0.0545 0.087719298245614
6 0.0545 0.101754385964912
7 0.0545 0.108771929824561
8 0.0545 0.0947368421052632
9 0.0545 0.0947368421052632
10 0.0545 0.12280701754386
11 0.0545 0.105263157894737
12 0.0545 0.105263157894737
13 0.0545 0.147368421052632
14 0.0545 0.0947368421052632
15 0.0545 0.105263157894737
16 0.0545 0.0947368421052632
17 0.0545 0.0912280701754386
18 0.0545 0.112280701754386
19 0.0545 0.12280701754386
20 0.0545 0.101754385964912
21 0.0545 0.0807017543859649
22 0.0545 0.105263157894737
23 0.0545 0.0947368421052632
24 0.0545 0.105263157894737
25 0.0545 0.119298245614035
5 0.0585 0.119298245614035
6 0.0585 0.0947368421052632
7 0.0585 0.108771929824561
8 0.0585 0.087719298245614
9 0.0585 0.0912280701754386
10 0.0585 0.0947368421052632
11 0.0585 0.0947368421052632
12 0.0585 0.087719298245614
13 0.0585 0.0736842105263158
14 0.0585 0.129824561403509
15 0.0585 0.115789473684211
16 0.0585 0.0982456140350877
17 0.0585 0.087719298245614
18 0.0585 0.0736842105263158
19 0.0585 0.0982456140350877
20 0.0585 0.115789473684211
21 0.0585 0.119298245614035
22 0.0585 0.101754385964912
23 0.0585 0.0842105263157895
24 0.0585 0.0807017543859649
25 0.0585 0.0982456140350877
5 0.0625 0.0947368421052632
6 0.0625 0.0947368421052632
7 0.0625 0.056140350877193
8 0.0625 0.101754385964912
9 0.0625 0.087719298245614
10 0.0625 0.0982456140350877
11 0.0625 0.101754385964912
12 0.0625 0.12280701754386
13 0.0625 0.108771929824561
14 0.0625 0.105263157894737
15 0.0625 0.129824561403509
16 0.0625 0.0947368421052632
17 0.0625 0.126315789473684
18 0.0625 0.0982456140350877
19 0.0625 0.129824561403509
20 0.0625 0.108771929824561
21 0.0625 0.0912280701754386
22 0.0625 0.0631578947368421
23 0.0625 0.115789473684211
24 0.0625 0.0736842105263158
25 0.0625 0.0666666666666667
5 0.0665 0.0947368421052632
6 0.0665 0.0842105263157895
7 0.0665 0.112280701754386
8 0.0665 0.0912280701754386
9 0.0665 0.108771929824561
10 0.0665 0.108771929824561
11 0.0665 0.108771929824561
12 0.0665 0.112280701754386
13 0.0665 0.0947368421052632
14 0.0665 0.0842105263157895
15 0.0665 0.12280701754386
16 0.0665 0.0771929824561404
17 0.0665 0.140350877192982
18 0.0665 0.108771929824561
19 0.0665 0.119298245614035
20 0.0665 0.0947368421052632
21 0.0665 0.0947368421052632
22 0.0665 0.12280701754386
23 0.0665 0.105263157894737
24 0.0665 0.112280701754386
25 0.0665 0.0771929824561404
5 0.0705 0.0947368421052632
6 0.0705 0.129824561403509
7 0.0705 0.0807017543859649
8 0.0705 0.105263157894737
9 0.0705 0.105263157894737
10 0.0705 0.112280701754386
11 0.0705 0.108771929824561
12 0.0705 0.105263157894737
13 0.0705 0.087719298245614
14 0.0705 0.105263157894737
15 0.0705 0.143859649122807
16 0.0705 0.0842105263157895
17 0.0705 0.087719298245614
18 0.0705 0.0807017543859649
19 0.0705 0.087719298245614
20 0.0705 0.0736842105263158
21 0.0705 0.101754385964912
22 0.0705 0.0947368421052632
23 0.0705 0.108771929824561
24 0.0705 0.087719298245614
25 0.0705 0.108771929824561
5 0.0745 0.0771929824561404
6 0.0745 0.087719298245614
7 0.0745 0.136842105263158
8 0.0745 0.0947368421052632
9 0.0745 0.0842105263157895
10 0.0745 0.108771929824561
11 0.0745 0.087719298245614
12 0.0745 0.129824561403509
13 0.0745 0.0982456140350877
14 0.0745 0.115789473684211
15 0.0745 0.087719298245614
16 0.0745 0.115789473684211
17 0.0745 0.108771929824561
18 0.0745 0.0947368421052632
19 0.0745 0.133333333333333
20 0.0745 0.0736842105263158
21 0.0745 0.0807017543859649
22 0.0745 0.129824561403509
23 0.0745 0.119298245614035
24 0.0745 0.0947368421052632
25 0.0745 0.115789473684211
5 0.0785 0.0947368421052632
6 0.0785 0.101754385964912
7 0.0785 0.0947368421052632
8 0.0785 0.0771929824561404
9 0.0785 0.101754385964912
10 0.0785 0.115789473684211
11 0.0785 0.0701754385964912
12 0.0785 0.112280701754386
13 0.0785 0.0807017543859649
14 0.0785 0.0912280701754386
15 0.0785 0.119298245614035
16 0.0785 0.087719298245614
17 0.0785 0.087719298245614
18 0.0785 0.0631578947368421
19 0.0785 0.105263157894737
20 0.0785 0.0982456140350877
21 0.0785 0.105263157894737
22 0.0785 0.0842105263157895
23 0.0785 0.0842105263157895
24 0.0785 0.115789473684211
25 0.0785 0.087719298245614
5 0.0825 0.0982456140350877
6 0.0825 0.087719298245614
7 0.0825 0.0912280701754386
8 0.0825 0.108771929824561
9 0.0825 0.112280701754386
10 0.0825 0.0912280701754386
11 0.0825 0.0947368421052632
12 0.0825 0.105263157894737
13 0.0825 0.105263157894737
14 0.0825 0.087719298245614
15 0.0825 0.101754385964912
16 0.0825 0.0701754385964912
17 0.0825 0.101754385964912
18 0.0825 0.0912280701754386
19 0.0825 0.108771929824561
20 0.0825 0.140350877192982
21 0.0825 0.112280701754386
22 0.0825 0.129824561403509
23 0.0825 0.108771929824561
24 0.0825 0.0912280701754386
25 0.0825 0.0982456140350877
5 0.0865 0.087719298245614
6 0.0865 0.0666666666666667
7 0.0865 0.140350877192982
8 0.0865 0.112280701754386
9 0.0865 0.0771929824561404
10 0.0865 0.087719298245614
11 0.0865 0.0947368421052632
12 0.0865 0.12280701754386
13 0.0865 0.0771929824561404
14 0.0865 0.101754385964912
15 0.0865 0.087719298245614
16 0.0865 0.105263157894737
17 0.0865 0.150877192982456
18 0.0865 0.115789473684211
19 0.0865 0.0421052631578947
20 0.0865 0.0736842105263158
21 0.0865 0.119298245614035
22 0.0865 0.0947368421052632
23 0.0865 0.087719298245614
24 0.0865 0.115789473684211
25 0.0865 0.105263157894737
5 0.0905000000000001 0.105263157894737
6 0.0905000000000001 0.101754385964912
7 0.0905000000000001 0.12280701754386
8 0.0905000000000001 0.112280701754386
9 0.0905000000000001 0.087719298245614
10 0.0905000000000001 0.0701754385964912
11 0.0905000000000001 0.101754385964912
12 0.0905000000000001 0.112280701754386
13 0.0905000000000001 0.0807017543859649
14 0.0905000000000001 0.101754385964912
15 0.0905000000000001 0.0842105263157895
16 0.0905000000000001 0.115789473684211
17 0.0905000000000001 0.0982456140350877
18 0.0905000000000001 0.0842105263157895
19 0.0905000000000001 0.0807017543859649
20 0.0905000000000001 0.108771929824561
21 0.0905000000000001 0.126315789473684
22 0.0905000000000001 0.108771929824561
23 0.0905000000000001 0.101754385964912
24 0.0905000000000001 0.105263157894737
25 0.0905000000000001 0.0631578947368421
5 0.0945000000000001 0.129824561403509
6 0.0945000000000001 0.0912280701754386
7 0.0945000000000001 0.087719298245614
8 0.0945000000000001 0.0982456140350877
9 0.0945000000000001 0.108771929824561
10 0.0945000000000001 0.0912280701754386
11 0.0945000000000001 0.115789473684211
12 0.0945000000000001 0.087719298245614
13 0.0945000000000001 0.0771929824561404
14 0.0945000000000001 0.112280701754386
15 0.0945000000000001 0.112280701754386
16 0.0945000000000001 0.0912280701754386
17 0.0945000000000001 0.0982456140350877
18 0.0945000000000001 0.12280701754386
19 0.0945000000000001 0.119298245614035
20 0.0945000000000001 0.0842105263157895
21 0.0945000000000001 0.0736842105263158
22 0.0945000000000001 0.108771929824561
23 0.0945000000000001 0.112280701754386
24 0.0945000000000001 0.136842105263158
25 0.0945000000000001 0.133333333333333
5 0.0985000000000001 0.140350877192982
6 0.0985000000000001 0.108771929824561
7 0.0985000000000001 0.0982456140350877
8 0.0985000000000001 0.101754385964912
9 0.0985000000000001 0.0842105263157895
10 0.0985000000000001 0.0912280701754386
11 0.0985000000000001 0.0982456140350877
12 0.0985000000000001 0.108771929824561
13 0.0985000000000001 0.0807017543859649
14 0.0985000000000001 0.105263157894737
15 0.0985000000000001 0.101754385964912
16 0.0985000000000001 0.115789473684211
17 0.0985000000000001 0.0842105263157895
18 0.0985000000000001 0.0807017543859649
19 0.0985000000000001 0.0947368421052632
20 0.0985000000000001 0.0736842105263158
21 0.0985000000000001 0.087719298245614
22 0.0985000000000001 0.112280701754386
23 0.0985000000000001 0.0842105263157895
24 0.0985000000000001 0.0736842105263158
25 0.0985000000000001 0.0807017543859649
5 0.1025 0.12280701754386
6 0.1025 0.115789473684211
7 0.1025 0.087719298245614
8 0.1025 0.0771929824561404
9 0.1025 0.087719298245614
10 0.1025 0.087719298245614
11 0.1025 0.119298245614035
12 0.1025 0.119298245614035
13 0.1025 0.0947368421052632
14 0.1025 0.0982456140350877
15 0.1025 0.12280701754386
16 0.1025 0.112280701754386
17 0.1025 0.087719298245614
18 0.1025 0.0701754385964912
19 0.1025 0.0596491228070175
20 0.1025 0.0842105263157895
21 0.1025 0.0842105263157895
22 0.1025 0.0982456140350877
23 0.1025 0.0491228070175439
24 0.1025 0.0982456140350877
25 0.1025 0.101754385964912
5 0.1065 0.0912280701754386
6 0.1065 0.112280701754386
7 0.1065 0.0912280701754386
8 0.1065 0.0807017543859649
9 0.1065 0.112280701754386
10 0.1065 0.0771929824561404
11 0.1065 0.0947368421052632
12 0.1065 0.108771929824561
13 0.1065 0.105263157894737
14 0.1065 0.119298245614035
15 0.1065 0.0982456140350877
16 0.1065 0.126315789473684
17 0.1065 0.126315789473684
18 0.1065 0.133333333333333
19 0.1065 0.115789473684211
20 0.1065 0.0912280701754386
21 0.1065 0.119298245614035
22 0.1065 0.0701754385964912
23 0.1065 0.108771929824561
24 0.1065 0.0842105263157895
25 0.1065 0.0842105263157895
5 0.1105 0.0807017543859649
6 0.1105 0.112280701754386
7 0.1105 0.112280701754386
8 0.1105 0.108771929824561
9 0.1105 0.0947368421052632
10 0.1105 0.0842105263157895
11 0.1105 0.0526315789473684
12 0.1105 0.115789473684211
13 0.1105 0.0982456140350877
14 0.1105 0.0982456140350877
15 0.1105 0.087719298245614
16 0.1105 0.136842105263158
17 0.1105 0.112280701754386
18 0.1105 0.0736842105263158
19 0.1105 0.105263157894737
20 0.1105 0.0912280701754386
21 0.1105 0.105263157894737
22 0.1105 0.087719298245614
23 0.1105 0.0982456140350877
24 0.1105 0.115789473684211
25 0.1105 0.087719298245614
5 0.1145 0.129824561403509
6 0.1145 0.0842105263157895
7 0.1145 0.0947368421052632
8 0.1145 0.108771929824561
9 0.1145 0.0947368421052632
10 0.1145 0.133333333333333
11 0.1145 0.105263157894737
12 0.1145 0.12280701754386
13 0.1145 0.0771929824561404
14 0.1145 0.115789473684211
15 0.1145 0.101754385964912
16 0.1145 0.105263157894737
17 0.1145 0.0701754385964912
18 0.1145 0.0736842105263158
19 0.1145 0.0807017543859649
20 0.1145 0.0912280701754386
21 0.1145 0.108771929824561
22 0.1145 0.0842105263157895
23 0.1145 0.0947368421052632
24 0.1145 0.119298245614035
25 0.1145 0.0736842105263158
5 0.1185 0.126315789473684
6 0.1185 0.0912280701754386
7 0.1185 0.101754385964912
8 0.1185 0.0807017543859649
9 0.1185 0.105263157894737
10 0.1185 0.108771929824561
11 0.1185 0.105263157894737
12 0.1185 0.164912280701754
13 0.1185 0.108771929824561
14 0.1185 0.115789473684211
15 0.1185 0.119298245614035
16 0.1185 0.0631578947368421
17 0.1185 0.0947368421052632
18 0.1185 0.105263157894737
19 0.1185 0.101754385964912
20 0.1185 0.0631578947368421
21 0.1185 0.115789473684211
22 0.1185 0.115789473684211
23 0.1185 0.108771929824561
24 0.1185 0.0842105263157895
25 0.1185 0.0982456140350877
5 0.1225 0.087719298245614
6 0.1225 0.0982456140350877
7 0.1225 0.087719298245614
8 0.1225 0.0947368421052632
9 0.1225 0.0912280701754386
10 0.1225 0.101754385964912
11 0.1225 0.0771929824561404
12 0.1225 0.0912280701754386
13 0.1225 0.0912280701754386
14 0.1225 0.112280701754386
15 0.1225 0.087719298245614
16 0.1225 0.126315789473684
17 0.1225 0.115789473684211
18 0.1225 0.0842105263157895
19 0.1225 0.0807017543859649
20 0.1225 0.0982456140350877
21 0.1225 0.101754385964912
22 0.1225 0.112280701754386
23 0.1225 0.0771929824561404
24 0.1225 0.101754385964912
25 0.1225 0.119298245614035
5 0.1265 0.0807017543859649
6 0.1265 0.112280701754386
7 0.1265 0.0596491228070175
8 0.1265 0.0736842105263158
9 0.1265 0.0736842105263158
10 0.1265 0.108771929824561
11 0.1265 0.101754385964912
12 0.1265 0.0947368421052632
13 0.1265 0.126315789473684
14 0.1265 0.0807017543859649
15 0.1265 0.0947368421052632
16 0.1265 0.112280701754386
17 0.1265 0.0912280701754386
18 0.1265 0.0982456140350877
19 0.1265 0.0807017543859649
20 0.1265 0.0666666666666667
21 0.1265 0.112280701754386
22 0.1265 0.12280701754386
23 0.1265 0.0736842105263158
24 0.1265 0.0982456140350877
25 0.1265 0.0807017543859649
5 0.1305 0.0842105263157895
6 0.1305 0.108771929824561
7 0.1305 0.119298245614035
8 0.1305 0.0666666666666667
9 0.1305 0.0947368421052632
10 0.1305 0.087719298245614
11 0.1305 0.0912280701754386
12 0.1305 0.0912280701754386
13 0.1305 0.0771929824561404
14 0.1305 0.115789473684211
15 0.1305 0.0842105263157895
16 0.1305 0.0771929824561404
17 0.1305 0.133333333333333
18 0.1305 0.0701754385964912
19 0.1305 0.119298245614035
20 0.1305 0.115789473684211
21 0.1305 0.105263157894737
22 0.1305 0.105263157894737
23 0.1305 0.105263157894737
24 0.1305 0.087719298245614
25 0.1305 0.105263157894737
5 0.1345 0.0701754385964912
6 0.1345 0.0771929824561404
7 0.1345 0.115789473684211
8 0.1345 0.0982456140350877
9 0.1345 0.129824561403509
10 0.1345 0.129824561403509
11 0.1345 0.115789473684211
12 0.1345 0.087719298245614
13 0.1345 0.105263157894737
14 0.1345 0.101754385964912
15 0.1345 0.101754385964912
16 0.1345 0.112280701754386
17 0.1345 0.0947368421052632
18 0.1345 0.0807017543859649
19 0.1345 0.112280701754386
20 0.1345 0.12280701754386
21 0.1345 0.087719298245614
22 0.1345 0.0947368421052632
23 0.1345 0.105263157894737
24 0.1345 0.0526315789473684
25 0.1345 0.0807017543859649
5 0.1385 0.0982456140350877
6 0.1385 0.115789473684211
7 0.1385 0.105263157894737
8 0.1385 0.0947368421052632
9 0.1385 0.0631578947368421
10 0.1385 0.0982456140350877
11 0.1385 0.0807017543859649
12 0.1385 0.126315789473684
13 0.1385 0.087719298245614
14 0.1385 0.087719298245614
15 0.1385 0.0912280701754386
16 0.1385 0.0982456140350877
17 0.1385 0.0982456140350877
18 0.1385 0.0982456140350877
19 0.1385 0.101754385964912
20 0.1385 0.0947368421052632
21 0.1385 0.0631578947368421
22 0.1385 0.105263157894737
23 0.1385 0.0982456140350877
24 0.1385 0.126315789473684
25 0.1385 0.12280701754386
5 0.1425 0.0947368421052632
6 0.1425 0.108771929824561
7 0.1425 0.0982456140350877
8 0.1425 0.115789473684211
9 0.1425 0.0771929824561404
10 0.1425 0.0982456140350877
11 0.1425 0.119298245614035
12 0.1425 0.101754385964912
13 0.1425 0.0982456140350877
14 0.1425 0.087719298245614
15 0.1425 0.087719298245614
16 0.1425 0.0982456140350877
17 0.1425 0.0982456140350877
18 0.1425 0.119298245614035
19 0.1425 0.108771929824561
20 0.1425 0.0982456140350877
21 0.1425 0.0842105263157895
22 0.1425 0.101754385964912
23 0.1425 0.0947368421052632
24 0.1425 0.105263157894737
25 0.1425 0.0912280701754386
5 0.1465 0.0771929824561404
6 0.1465 0.056140350877193
7 0.1465 0.129824561403509
8 0.1465 0.119298245614035
9 0.1465 0.0736842105263158
10 0.1465 0.0947368421052632
11 0.1465 0.101754385964912
12 0.1465 0.056140350877193
13 0.1465 0.0842105263157895
14 0.1465 0.119298245614035
15 0.1465 0.087719298245614
16 0.1465 0.0736842105263158
17 0.1465 0.119298245614035
18 0.1465 0.0912280701754386
19 0.1465 0.101754385964912
20 0.1465 0.0912280701754386
21 0.1465 0.0982456140350877
22 0.1465 0.0912280701754386
23 0.1465 0.119298245614035
24 0.1465 0.119298245614035
25 0.1465 0.087719298245614
5 0.1505 0.105263157894737
6 0.1505 0.108771929824561
7 0.1505 0.0701754385964912
8 0.1505 0.12280701754386
9 0.1505 0.105263157894737
10 0.1505 0.087719298245614
11 0.1505 0.0982456140350877
12 0.1505 0.0842105263157895
13 0.1505 0.0771929824561404
14 0.1505 0.101754385964912
15 0.1505 0.0982456140350877
16 0.1505 0.087719298245614
17 0.1505 0.105263157894737
18 0.1505 0.0947368421052632
19 0.1505 0.0912280701754386
20 0.1505 0.0947368421052632
21 0.1505 0.126315789473684
22 0.1505 0.0982456140350877
23 0.1505 0.105263157894737
24 0.1505 0.0842105263157895
25 0.1505 0.0666666666666667
5 0.1545 0.12280701754386
6 0.1545 0.101754385964912
7 0.1545 0.087719298245614
8 0.1545 0.0947368421052632
9 0.1545 0.0842105263157895
10 0.1545 0.0947368421052632
11 0.1545 0.0947368421052632
12 0.1545 0.087719298245614
13 0.1545 0.0807017543859649
14 0.1545 0.101754385964912
15 0.1545 0.115789473684211
16 0.1545 0.129824561403509
17 0.1545 0.112280701754386
18 0.1545 0.112280701754386
19 0.1545 0.105263157894737
20 0.1545 0.0982456140350877
21 0.1545 0.115789473684211
22 0.1545 0.0912280701754386
23 0.1545 0.0736842105263158
24 0.1545 0.129824561403509
25 0.1545 0.0947368421052632
5 0.1585 0.0701754385964912
6 0.1585 0.0701754385964912
7 0.1585 0.0842105263157895
8 0.1585 0.0491228070175439
9 0.1585 0.0912280701754386
10 0.1585 0.0982456140350877
11 0.1585 0.0947368421052632
12 0.1585 0.115789473684211
13 0.1585 0.0842105263157895
14 0.1585 0.0701754385964912
15 0.1585 0.0982456140350877
16 0.1585 0.0982456140350877
17 0.1585 0.0842105263157895
18 0.1585 0.101754385964912
19 0.1585 0.112280701754386
20 0.1585 0.0736842105263158
21 0.1585 0.115789473684211
22 0.1585 0.115789473684211
23 0.1585 0.0947368421052632
24 0.1585 0.0912280701754386
25 0.1585 0.087719298245614
5 0.1625 0.115789473684211
6 0.1625 0.0842105263157895
7 0.1625 0.0982456140350877
8 0.1625 0.0842105263157895
9 0.1625 0.087719298245614
10 0.1625 0.087719298245614
11 0.1625 0.101754385964912
12 0.1625 0.119298245614035
13 0.1625 0.087719298245614
14 0.1625 0.101754385964912
15 0.1625 0.0771929824561404
16 0.1625 0.0842105263157895
17 0.1625 0.0982456140350877
18 0.1625 0.0912280701754386
19 0.1625 0.115789473684211
20 0.1625 0.105263157894737
21 0.1625 0.0666666666666667
22 0.1625 0.0947368421052632
23 0.1625 0.108771929824561
24 0.1625 0.112280701754386
25 0.1625 0.0701754385964912
5 0.1665 0.0982456140350877
6 0.1665 0.0736842105263158
7 0.1665 0.112280701754386
8 0.1665 0.108771929824561
9 0.1665 0.0631578947368421
10 0.1665 0.0912280701754386
11 0.1665 0.0456140350877193
12 0.1665 0.0982456140350877
13 0.1665 0.101754385964912
14 0.1665 0.129824561403509
15 0.1665 0.112280701754386
16 0.1665 0.0842105263157895
17 0.1665 0.101754385964912
18 0.1665 0.119298245614035
19 0.1665 0.087719298245614
20 0.1665 0.119298245614035
21 0.1665 0.115789473684211
22 0.1665 0.0842105263157895
23 0.1665 0.0701754385964912
24 0.1665 0.0736842105263158
25 0.1665 0.087719298245614
5 0.1705 0.112280701754386
6 0.1705 0.0491228070175439
7 0.1705 0.0771929824561404
8 0.1705 0.0807017543859649
9 0.1705 0.0982456140350877
10 0.1705 0.087719298245614
11 0.1705 0.087719298245614
12 0.1705 0.087719298245614
13 0.1705 0.105263157894737
14 0.1705 0.119298245614035
15 0.1705 0.12280701754386
16 0.1705 0.0736842105263158
17 0.1705 0.0666666666666667
18 0.1705 0.0631578947368421
19 0.1705 0.0666666666666667
20 0.1705 0.108771929824561
21 0.1705 0.101754385964912
22 0.1705 0.108771929824561
23 0.1705 0.087719298245614
24 0.1705 0.133333333333333
25 0.1705 0.101754385964912
5 0.1745 0.115789473684211
6 0.1745 0.087719298245614
7 0.1745 0.126315789473684
8 0.1745 0.133333333333333
9 0.1745 0.101754385964912
10 0.1745 0.0982456140350877
11 0.1745 0.136842105263158
12 0.1745 0.087719298245614
13 0.1745 0.0807017543859649
14 0.1745 0.0736842105263158
15 0.1745 0.105263157894737
16 0.1745 0.0736842105263158
17 0.1745 0.126315789473684
18 0.1745 0.0631578947368421
19 0.1745 0.105263157894737
20 0.1745 0.108771929824561
21 0.1745 0.0982456140350877
22 0.1745 0.0842105263157895
23 0.1745 0.12280701754386
24 0.1745 0.112280701754386
25 0.1745 0.112280701754386
5 0.1785 0.0982456140350877
6 0.1785 0.101754385964912
7 0.1785 0.12280701754386
8 0.1785 0.0947368421052632
9 0.1785 0.0666666666666667
10 0.1785 0.0701754385964912
11 0.1785 0.0982456140350877
12 0.1785 0.0947368421052632
13 0.1785 0.0842105263157895
14 0.1785 0.115789473684211
15 0.1785 0.0947368421052632
16 0.1785 0.108771929824561
17 0.1785 0.115789473684211
18 0.1785 0.0701754385964912
19 0.1785 0.129824561403509
20 0.1785 0.0666666666666667
21 0.1785 0.101754385964912
22 0.1785 0.115789473684211
23 0.1785 0.0736842105263158
24 0.1785 0.0947368421052632
25 0.1785 0.0947368421052632
5 0.1825 0.0982456140350877
6 0.1825 0.0842105263157895
7 0.1825 0.087719298245614
8 0.1825 0.0982456140350877
9 0.1825 0.0842105263157895
10 0.1825 0.105263157894737
11 0.1825 0.115789473684211
12 0.1825 0.0947368421052632
13 0.1825 0.12280701754386
14 0.1825 0.0596491228070175
15 0.1825 0.0771929824561404
16 0.1825 0.101754385964912
17 0.1825 0.087719298245614
18 0.1825 0.0912280701754386
19 0.1825 0.105263157894737
20 0.1825 0.133333333333333
21 0.1825 0.112280701754386
22 0.1825 0.0912280701754386
23 0.1825 0.105263157894737
24 0.1825 0.108771929824561
25 0.1825 0.115789473684211
5 0.1865 0.112280701754386
6 0.1865 0.101754385964912
7 0.1865 0.129824561403509
8 0.1865 0.0491228070175439
9 0.1865 0.0736842105263158
10 0.1865 0.0807017543859649
11 0.1865 0.115789473684211
12 0.1865 0.101754385964912
13 0.1865 0.087719298245614
14 0.1865 0.119298245614035
15 0.1865 0.133333333333333
16 0.1865 0.0701754385964912
17 0.1865 0.0771929824561404
18 0.1865 0.115789473684211
19 0.1865 0.0596491228070175
20 0.1865 0.112280701754386
21 0.1865 0.0631578947368421
22 0.1865 0.105263157894737
23 0.1865 0.0701754385964912
24 0.1865 0.0771929824561404
25 0.1865 0.087719298245614
5 0.1905 0.0842105263157895
6 0.1905 0.105263157894737
7 0.1905 0.0736842105263158
8 0.1905 0.0982456140350877
9 0.1905 0.105263157894737
10 0.1905 0.0982456140350877
11 0.1905 0.119298245614035
12 0.1905 0.0982456140350877
13 0.1905 0.0807017543859649
14 0.1905 0.0947368421052632
15 0.1905 0.101754385964912
16 0.1905 0.087719298245614
17 0.1905 0.0912280701754386
18 0.1905 0.0771929824561404
19 0.1905 0.0912280701754386
20 0.1905 0.101754385964912
21 0.1905 0.115789473684211
22 0.1905 0.0912280701754386
23 0.1905 0.0912280701754386
24 0.1905 0.115789473684211
25 0.1905 0.0947368421052632
5 0.1945 0.0771929824561404
6 0.1945 0.115789473684211
7 0.1945 0.105263157894737
8 0.1945 0.0842105263157895
9 0.1945 0.0771929824561404
10 0.1945 0.129824561403509
11 0.1945 0.0807017543859649
12 0.1945 0.0771929824561404
13 0.1945 0.0842105263157895
14 0.1945 0.115789473684211
15 0.1945 0.105263157894737
16 0.1945 0.0982456140350877
17 0.1945 0.0947368421052632
18 0.1945 0.087719298245614
19 0.1945 0.087719298245614
20 0.1945 0.0666666666666667
21 0.1945 0.0807017543859649
22 0.1945 0.0912280701754386
23 0.1945 0.0947368421052632
24 0.1945 0.0771929824561404
25 0.1945 0.087719298245614
5 0.1985 0.108771929824561
6 0.1985 0.0947368421052632
7 0.1985 0.0666666666666667
8 0.1985 0.108771929824561
9 0.1985 0.101754385964912
10 0.1985 0.0807017543859649
11 0.1985 0.0807017543859649
12 0.1985 0.087719298245614
13 0.1985 0.0912280701754386
14 0.1985 0.0842105263157895
15 0.1985 0.0736842105263158
16 0.1985 0.0947368421052632
17 0.1985 0.0807017543859649
18 0.1985 0.0947368421052632
19 0.1985 0.108771929824561
20 0.1985 0.105263157894737
21 0.1985 0.115789473684211
22 0.1985 0.0771929824561404
23 0.1985 0.0947368421052632
24 0.1985 0.0771929824561404
25 0.1985 0.0736842105263158
5 0.2025 0.087719298245614
6 0.2025 0.087719298245614
7 0.2025 0.0666666666666667
8 0.2025 0.0982456140350877
9 0.2025 0.0982456140350877
10 0.2025 0.126315789473684
11 0.2025 0.112280701754386
12 0.2025 0.105263157894737
13 0.2025 0.105263157894737
14 0.2025 0.0701754385964912
15 0.2025 0.0982456140350877
16 0.2025 0.0526315789473684
17 0.2025 0.112280701754386
18 0.2025 0.0771929824561404
19 0.2025 0.0947368421052632
20 0.2025 0.0736842105263158
21 0.2025 0.0736842105263158
22 0.2025 0.0807017543859649
23 0.2025 0.0982456140350877
24 0.2025 0.0807017543859649
25 0.2025 0.101754385964912
5 0.2065 0.0807017543859649
6 0.2065 0.101754385964912
7 0.2065 0.112280701754386
8 0.2065 0.087719298245614
9 0.2065 0.087719298245614
10 0.2065 0.0701754385964912
11 0.2065 0.0912280701754386
12 0.2065 0.0912280701754386
13 0.2065 0.105263157894737
14 0.2065 0.115789473684211
15 0.2065 0.115789473684211
16 0.2065 0.112280701754386
17 0.2065 0.087719298245614
18 0.2065 0.108771929824561
19 0.2065 0.0771929824561404
20 0.2065 0.0701754385964912
21 0.2065 0.129824561403509
22 0.2065 0.0947368421052632
23 0.2065 0.0912280701754386
24 0.2065 0.105263157894737
25 0.2065 0.0842105263157895
5 0.2105 0.108771929824561
6 0.2105 0.0842105263157895
7 0.2105 0.0912280701754386
8 0.2105 0.0631578947368421
9 0.2105 0.0736842105263158
10 0.2105 0.108771929824561
11 0.2105 0.105263157894737
12 0.2105 0.115789473684211
13 0.2105 0.0947368421052632
14 0.2105 0.115789473684211
15 0.2105 0.0736842105263158
16 0.2105 0.129824561403509
17 0.2105 0.112280701754386
18 0.2105 0.0701754385964912
19 0.2105 0.112280701754386
20 0.2105 0.0596491228070175
21 0.2105 0.0947368421052632
22 0.2105 0.087719298245614
23 0.2105 0.0631578947368421
24 0.2105 0.136842105263158
25 0.2105 0.0666666666666667
5 0.2145 0.101754385964912
6 0.2145 0.112280701754386
7 0.2145 0.0771929824561404
8 0.2145 0.0842105263157895
9 0.2145 0.105263157894737
10 0.2145 0.0947368421052632
11 0.2145 0.129824561403509
12 0.2145 0.101754385964912
13 0.2145 0.087719298245614
14 0.2145 0.0736842105263158
15 0.2145 0.0842105263157895
16 0.2145 0.105263157894737
17 0.2145 0.0947368421052632
18 0.2145 0.101754385964912
19 0.2145 0.087719298245614
20 0.2145 0.0807017543859649
21 0.2145 0.0701754385964912
22 0.2145 0.126315789473684
23 0.2145 0.0736842105263158
24 0.2145 0.0771929824561404
25 0.2145 0.0807017543859649
5 0.2185 0.101754385964912
6 0.2185 0.115789473684211
7 0.2185 0.101754385964912
8 0.2185 0.115789473684211
9 0.2185 0.0701754385964912
10 0.2185 0.101754385964912
11 0.2185 0.0947368421052632
12 0.2185 0.0982456140350877
13 0.2185 0.112280701754386
14 0.2185 0.101754385964912
15 0.2185 0.0842105263157895
16 0.2185 0.0736842105263158
17 0.2185 0.0912280701754386
18 0.2185 0.0982456140350877
19 0.2185 0.119298245614035
20 0.2185 0.12280701754386
21 0.2185 0.0982456140350877
22 0.2185 0.0947368421052632
23 0.2185 0.0912280701754386
24 0.2185 0.0807017543859649
25 0.2185 0.105263157894737
5 0.2225 0.087719298245614
6 0.2225 0.0982456140350877
7 0.2225 0.0842105263157895
8 0.2225 0.0982456140350877
9 0.2225 0.087719298245614
10 0.2225 0.105263157894737
11 0.2225 0.0631578947368421
12 0.2225 0.0771929824561404
13 0.2225 0.0807017543859649
14 0.2225 0.115789473684211
15 0.2225 0.0771929824561404
16 0.2225 0.0947368421052632
17 0.2225 0.0842105263157895
18 0.2225 0.115789473684211
19 0.2225 0.0807017543859649
20 0.2225 0.087719298245614
21 0.2225 0.101754385964912
22 0.2225 0.056140350877193
23 0.2225 0.0842105263157895
24 0.2225 0.0912280701754386
25 0.2225 0.087719298245614
5 0.2265 0.133333333333333
6 0.2265 0.105263157894737
7 0.2265 0.056140350877193
8 0.2265 0.087719298245614
9 0.2265 0.105263157894737
10 0.2265 0.087719298245614
11 0.2265 0.115789473684211
12 0.2265 0.0947368421052632
13 0.2265 0.087719298245614
14 0.2265 0.101754385964912
15 0.2265 0.0842105263157895
16 0.2265 0.0807017543859649
17 0.2265 0.0842105263157895
18 0.2265 0.0912280701754386
19 0.2265 0.087719298245614
20 0.2265 0.0596491228070175
21 0.2265 0.129824561403509
22 0.2265 0.0842105263157895
23 0.2265 0.108771929824561
24 0.2265 0.115789473684211
25 0.2265 0.108771929824561
5 0.2305 0.0947368421052632
6 0.2305 0.101754385964912
7 0.2305 0.0421052631578947
8 0.2305 0.0491228070175439
9 0.2305 0.112280701754386
10 0.2305 0.105263157894737
11 0.2305 0.0771929824561404
12 0.2305 0.0947368421052632
13 0.2305 0.108771929824561
14 0.2305 0.0842105263157895
15 0.2305 0.087719298245614
16 0.2305 0.101754385964912
17 0.2305 0.105263157894737
18 0.2305 0.0982456140350877
19 0.2305 0.0842105263157895
20 0.2305 0.0526315789473684
21 0.2305 0.0596491228070175
22 0.2305 0.101754385964912
23 0.2305 0.087719298245614
24 0.2305 0.0947368421052632
25 0.2305 0.0912280701754386
5 0.2345 0.0947368421052632
6 0.2345 0.0701754385964912
7 0.2345 0.112280701754386
8 0.2345 0.0736842105263158
9 0.2345 0.105263157894737
10 0.2345 0.087719298245614
11 0.2345 0.101754385964912
12 0.2345 0.101754385964912
13 0.2345 0.112280701754386
14 0.2345 0.0842105263157895
15 0.2345 0.112280701754386
16 0.2345 0.0842105263157895
17 0.2345 0.087719298245614
18 0.2345 0.119298245614035
19 0.2345 0.0842105263157895
20 0.2345 0.0771929824561404
21 0.2345 0.0701754385964912
22 0.2345 0.119298245614035
23 0.2345 0.108771929824561
24 0.2345 0.105263157894737
25 0.2345 0.112280701754386
5 0.2385 0.101754385964912
6 0.2385 0.0771929824561404
7 0.2385 0.0947368421052632
8 0.2385 0.0701754385964912
9 0.2385 0.115789473684211
10 0.2385 0.101754385964912
11 0.2385 0.0807017543859649
12 0.2385 0.0982456140350877
13 0.2385 0.0912280701754386
14 0.2385 0.0807017543859649
15 0.2385 0.112280701754386
16 0.2385 0.101754385964912
17 0.2385 0.0982456140350877
18 0.2385 0.112280701754386
19 0.2385 0.12280701754386
20 0.2385 0.108771929824561
21 0.2385 0.0807017543859649
22 0.2385 0.087719298245614
23 0.2385 0.0631578947368421
24 0.2385 0.126315789473684
25 0.2385 0.105263157894737
5 0.2425 0.108771929824561
6 0.2425 0.0771929824561404
7 0.2425 0.115789473684211
8 0.2425 0.0807017543859649
9 0.2425 0.0982456140350877
10 0.2425 0.115789473684211
11 0.2425 0.0947368421052632
12 0.2425 0.0912280701754386
13 0.2425 0.136842105263158
14 0.2425 0.0912280701754386
15 0.2425 0.056140350877193
16 0.2425 0.115789473684211
17 0.2425 0.119298245614035
18 0.2425 0.112280701754386
19 0.2425 0.101754385964912
20 0.2425 0.108771929824561
21 0.2425 0.0771929824561404
22 0.2425 0.0596491228070175
23 0.2425 0.0982456140350877
24 0.2425 0.0947368421052632
25 0.2425 0.112280701754386
5 0.2465 0.0947368421052632
6 0.2465 0.101754385964912
7 0.2465 0.0456140350877193
8 0.2465 0.12280701754386
9 0.2465 0.112280701754386
10 0.2465 0.0842105263157895
11 0.2465 0.0701754385964912
12 0.2465 0.0982456140350877
13 0.2465 0.108771929824561
14 0.2465 0.0912280701754386
15 0.2465 0.0771929824561404
16 0.2465 0.112280701754386
17 0.2465 0.0842105263157895
18 0.2465 0.0842105263157895
19 0.2465 0.101754385964912
20 0.2465 0.115789473684211
21 0.2465 0.0947368421052632
22 0.2465 0.101754385964912
23 0.2465 0.101754385964912
24 0.2465 0.0596491228070175
25 0.2465 0.0982456140350877
