0 0.928921059429372
1 0.926347000621588
2 0.924351953394341
3 0.922768410298314
4 0.921485806961938
5 0.920428660675523
6 0.919543889243509
7 0.918793210459994
8 0.918148426837913
9 0.917588398909129
10 0.917097039643875
11 0.916661947375297
12 0.916273451065904
13 0.915923929840293
14 0.915607319731951
15 0.915318751070709
16 0.915054278727031
17 0.914810679372861
18 0.914585297729817
19 0.914375929013388
20 0.914180728370972
21 0.913998140617188
22 0.91382684534432
23 0.913665713759653
24 0.913513774524665
25 0.913370186547364
26 0.913234217177092
27 0.913105224621534
28 0.912982643682452
29 0.91286597411465
30 0.912754771069887
31 0.91264863720715
32 0.912547216142016
33 0.912450186977735
34 0.912357259714963
35 0.912268171378926
36 0.91218268273518
37 0.912100575491185
38 0.912021649900364
39 0.911945722701523
40 0.911872625339041
41 0.911802202419128
42 0.91173431036541
43 0.911668816243777
44 0.911605596731311
45 0.91154453720857
46 0.911485530957775
47 0.911428478452271
48 0.911373286725125
49 0.911319868806185










