0 0.972900610723159
1 0.927382491397188
2 0.912877617601317
3 0.906234800348237
4 0.902594704535719
5 0.900372666479019
6 0.89891527501247
7 0.897909692495388
8 0.897189579696212
9 0.896659302962884
10 0.896260443542613
11 0.8959555464287
12 0.895719630120832
13 0.895535477059955
14 0.895390888193288
15 0.895277014113904
16 0.895187303677816
17 0.8951168208394
18 0.89506178860944
19 0.895019277313167
20 0.894986986956131
21 0.894963092407383
22 0.894946131396742
23 0.894934922243699
24 0.894928502587309
25 0.894926083180182
26 0.894927012641513
27 0.894930750286191
28 0.894936844976598
29 0.894944918514713
30 0.894954652492572
31 0.894965777801229
32 0.894978066200874
33 0.894991323503654
34 0.895005384025151
35 0.895020106044186
36 0.895035368066582
37 0.895051065735386
38 0.895067109264257
39 0.89508342129499
40 0.895099935102529
41 0.895116593084579
42 0.895133345486661
43 0.895150149321367
44 0.895166967450138
45 0.895183767799685
46 0.895200522692455
47 0.895217208271953
48 0.895233804008854
49 0.895250292275303
50 0.895266657976841
51 0.895282888234141
52 0.895298972106303
53 0.895314900350768
54 0.89533066521366
55 0.895346260247431
56 0.895361680150885
57 0.895376920629469
58 0.895391978272719
59 0.895406850446505
60 0.895421535198448
61 0.895436031174699
62 0.895450337546411
63 0.895464453944866
64 0.895478380404701
65 0.895492117312791
66 0.895505665363938
67 0.895519025521152
68 0.895532198980633
69 0.895545187140496
70 0.895557991573515
71 0.895570614002441
72 0.895583056278397
73 0.895595320361671
74 0.895607408304467
75 0.895619322235906
76 0.895631064348489
77 0.895642636886116
78 0.895654042133582
79 0.895665282407021
80 0.895676360045771
81 0.895687277404883
82 0.895698036848615
83 0.895708640744753
84 0.895719091459444
85 0.895729391352721
86 0.895739542774641
87 0.895749548061907
88 0.895759409534585
89 0.895769129493784
90 0.89577871021926
91 0.895788153967348
92 0.89579746296948
93 0.895806639430611
94 0.895815685527995
95 0.895824603410231
96 0.895833395196366
97 0.895842062975283
98 0.895850608805033
99 0.895859034712517
