8 0.0592105263157895
9 0.0690789473684211
10 0.0789473684210526
11 0.0855263157894737
12 0.0921052631578947
13 0.101973684210526
14 0.111842105263158
15 0.128289473684211
16 0.131578947368421
17 0.131578947368421
18 0.134868421052632
19 0.141447368421053
20 0.148026315789474
21 0.151315789473684
22 0.157894736842105
23 0.164473684210526
24 0.164473684210526
25 0.167763157894737
26 0.171052631578947
27 0.180921052631579
28 0.184210526315789
29 0.1875
30 0.1875
31 0.197368421052632
32 0.197368421052632
33 0.200657894736842
34 0.203947368421053
35 0.203947368421053
36 0.213815789473684
37 0.217105263157895
38 0.223684210526316
39 0.226973684210526
40 0.230263157894737
41 0.230263157894737
42 0.233552631578947
43 0.233552631578947
44 0.236842105263158
45 0.240131578947368
46 0.243421052631579
47 0.243421052631579
48 0.246710526315789
49 0.246710526315789
50 0.25
